0 3 0 0 80 1
1 3 0 1 80 81
2 3 0 1 81 2
3 3 0 2 81 82
4 3 0 2 82 3
5 3 0 3 82 83
6 3 0 3 83 4
7 3 0 4 83 84
8 3 0 4 84 5
9 3 0 5 84 85
10 3 0 5 85 6
11 3 0 6 85 86
12 3 0 6 86 7
13 3 0 7 86 87
14 3 0 7 87 8
15 3 0 8 87 88
16 3 0 8 88 9
17 3 0 9 88 89
18 3 0 9 89 10
19 3 0 10 89 90
20 3 0 10 90 11
21 3 0 11 90 91
22 3 0 11 91 12
23 3 0 12 91 92
24 3 0 12 92 13
25 3 0 13 92 93
26 3 0 13 93 14
27 3 0 14 93 94
28 3 0 14 94 15
29 3 0 15 94 95
30 3 0 15 95 16
31 3 0 16 95 96
32 3 0 16 96 17
33 3 0 17 96 97
34 3 0 17 97 18
35 3 0 18 97 98
36 3 0 18 98 19
37 3 0 19 98 99
38 3 0 19 99 20
39 3 0 20 99 100
40 3 0 20 100 21
41 3 0 21 100 101
42 3 0 21 101 22
43 3 0 22 101 102
44 3 0 22 102 23
45 3 0 23 102 103
46 3 0 23 103 24
47 3 0 24 103 104
48 3 0 24 104 25
49 3 0 25 104 105
50 3 0 25 105 26
51 3 0 26 105 106
52 3 0 26 106 27
53 3 0 27 106 107
54 3 0 27 107 28
55 3 0 28 107 108
56 3 0 28 108 29
57 3 0 29 108 109
58 3 0 29 109 30
59 3 0 30 109 110
60 3 0 30 110 31
61 3 0 31 110 111
62 3 0 31 111 32
63 3 0 32 111 112
64 3 0 32 112 33
65 3 0 33 112 113
66 3 0 33 113 34
67 3 0 34 113 114
68 3 0 34 114 35
69 3 0 35 114 115
70 3 0 35 115 36
71 3 0 36 115 116
72 3 0 36 116 37
73 3 0 37 116 117
74 3 0 37 117 38
75 3 0 38 117 118
76 3 0 38 118 39
77 3 0 39 118 119
78 3 0 39 119 40
79 3 0 40 119 120
80 3 0 40 120 41
81 3 0 41 120 121
82 3 0 41 121 42
83 3 0 42 121 122
84 3 0 42 122 43
85 3 0 43 122 123
86 3 0 43 123 44
87 3 0 44 123 124
88 3 0 44 124 45
89 3 0 45 124 125
90 3 0 45 125 46
91 3 0 46 125 126
92 3 0 46 126 47
93 3 0 47 126 127
94 3 0 47 127 48
95 3 0 48 127 128
96 3 0 48 128 49
97 3 0 49 128 129
98 3 0 49 129 50
99 3 0 50 129 130
100 3 0 50 130 51
101 3 0 51 130 131
102 3 0 51 131 52
103 3 0 52 131 132
104 3 0 52 132 53
105 3 0 53 132 133
106 3 0 53 133 54
107 3 0 54 133 134
108 3 0 54 134 55
109 3 0 55 134 135
110 3 0 55 135 56
111 3 0 56 135 136
112 3 0 56 136 57
113 3 0 57 136 137
114 3 0 57 137 58
115 3 0 58 137 138
116 3 0 58 138 59
117 3 0 59 138 139
118 3 0 59 139 60
119 3 0 60 139 140
120 3 0 60 140 61
121 3 0 61 140 141
122 3 0 61 141 62
123 3 0 62 141 142
124 3 0 62 142 63
125 3 0 63 142 143
126 3 0 63 143 64
127 3 0 64 143 144
128 3 0 64 144 65
129 3 0 65 144 145
130 3 0 65 145 66
131 3 0 66 145 146
132 3 0 66 146 67
133 3 0 67 146 147
134 3 0 67 147 68
135 3 0 68 147 148
136 3 0 68 148 69
137 3 0 69 148 149
138 3 0 69 149 70
139 3 0 70 149 150
140 3 0 70 150 71
141 3 0 71 150 151
142 3 0 71 151 72
143 3 0 72 151 152
144 3 0 72 152 73
145 3 0 73 152 153
146 3 0 73 153 74
147 3 0 74 153 154
148 3 0 74 154 75
149 3 0 75 154 155
150 3 0 75 155 76
151 3 0 76 155 156
152 3 0 76 156 77
153 3 0 77 156 157
154 3 0 77 157 78
155 3 0 78 157 158
156 3 0 78 158 79
157 3 0 79 158 159
158 3 0 80 160 81
159 3 0 81 160 161
160 3 0 81 161 82
161 3 0 82 161 162
162 3 0 82 162 83
163 3 0 83 162 163
164 3 0 83 163 84
165 3 0 84 163 164
166 3 0 84 164 85
167 3 0 85 164 165
168 3 0 85 165 86
169 3 0 86 165 166
170 3 0 86 166 87
171 3 0 87 166 167
172 3 0 87 167 88
173 3 0 88 167 168
174 3 0 88 168 89
175 3 0 89 168 169
176 3 0 89 169 90
177 3 0 90 169 170
178 3 0 90 170 91
179 3 0 91 170 171
180 3 0 91 171 92
181 3 0 92 171 172
182 3 0 92 172 93
183 3 0 93 172 173
184 3 0 93 173 94
185 3 0 94 173 174
186 3 0 94 174 95
187 3 0 95 174 175
188 3 0 95 175 96
189 3 0 96 175 176
190 3 0 96 176 97
191 3 0 97 176 177
192 3 0 97 177 98
193 3 0 98 177 178
194 3 0 98 178 99
195 3 0 99 178 179
196 3 0 99 179 100
197 3 0 100 179 180
198 3 0 100 180 101
199 3 0 101 180 181
200 3 0 101 181 102
201 3 0 102 181 182
202 3 0 102 182 103
203 3 0 103 182 183
204 3 0 103 183 104
205 3 0 104 183 184
206 3 0 104 184 105
207 3 0 105 184 185
208 3 0 105 185 106
209 3 0 106 185 186
210 3 0 106 186 107
211 3 0 107 186 187
212 3 0 107 187 108
213 3 0 108 187 188
214 3 0 108 188 109
215 3 0 109 188 189
216 3 0 109 189 110
217 3 0 110 189 190
218 3 0 110 190 111
219 3 0 111 190 191
220 3 0 111 191 112
221 3 0 112 191 192
222 3 0 112 192 113
223 3 0 113 192 193
224 3 0 113 193 114
225 3 0 114 193 194
226 3 0 114 194 115
227 3 0 115 194 195
228 3 0 115 195 116
229 3 0 116 195 196
230 3 0 116 196 117
231 3 0 117 196 197
232 3 0 117 197 118
233 3 0 118 197 198
234 3 0 118 198 119
235 3 0 119 198 199
236 3 0 119 199 120
237 3 0 120 199 200
238 3 0 120 200 121
239 3 0 121 200 201
240 3 0 121 201 122
241 3 0 122 201 202
242 3 0 122 202 123
243 3 0 123 202 203
244 3 0 123 203 124
245 3 0 124 203 204
246 3 0 124 204 125
247 3 0 125 204 205
248 3 0 125 205 126
249 3 0 126 205 206
250 3 0 126 206 127
251 3 0 127 206 207
252 3 0 127 207 128
253 3 0 128 207 208
254 3 0 128 208 129
255 3 0 129 208 209
256 3 0 129 209 130
257 3 0 130 209 210
258 3 0 130 210 131
259 3 0 131 210 211
260 3 0 131 211 132
261 3 0 132 211 212
262 3 0 132 212 133
263 3 0 133 212 213
264 3 0 133 213 134
265 3 0 134 213 214
266 3 0 134 214 135
267 3 0 135 214 215
268 3 0 135 215 136
269 3 0 136 215 216
270 3 0 136 216 137
271 3 0 137 216 217
272 3 0 137 217 138
273 3 0 138 217 218
274 3 0 138 218 139
275 3 0 139 218 219
276 3 0 139 219 140
277 3 0 140 219 220
278 3 0 140 220 141
279 3 0 141 220 221
280 3 0 141 221 142
281 3 0 142 221 222
282 3 0 142 222 143
283 3 0 143 222 223
284 3 0 143 223 144
285 3 0 144 223 224
286 3 0 144 224 145
287 3 0 145 224 225
288 3 0 145 225 146
289 3 0 146 225 226
290 3 0 146 226 147
291 3 0 147 226 227
292 3 0 147 227 148
293 3 0 148 227 228
294 3 0 148 228 149
295 3 0 149 228 229
296 3 0 149 229 150
297 3 0 150 229 230
298 3 0 150 230 151
299 3 0 151 230 231
300 3 0 151 231 152
301 3 0 152 231 232
302 3 0 152 232 153
303 3 0 153 232 233
304 3 0 153 233 154
305 3 0 154 233 234
306 3 0 154 234 155
307 3 0 155 234 235
308 3 0 155 235 156
309 3 0 156 235 236
310 3 0 156 236 157
311 3 0 157 236 237
312 3 0 157 237 158
313 3 0 158 237 238
314 3 0 158 238 159
315 3 0 159 238 239
316 3 0 160 240 161
317 3 0 161 240 241
318 3 0 161 241 162
319 3 0 162 241 242
320 3 0 162 242 163
321 3 0 163 242 243
322 3 0 163 243 164
323 3 0 164 243 244
324 3 0 164 244 165
325 3 0 165 244 245
326 3 0 165 245 166
327 3 0 166 245 246
328 3 0 166 246 167
329 3 0 167 246 247
330 3 0 167 247 168
331 3 0 168 247 248
332 3 0 168 248 169
333 3 0 169 248 249
334 3 0 169 249 170
335 3 0 170 249 250
336 3 0 170 250 171
337 3 0 171 250 251
338 3 0 171 251 172
339 3 0 172 251 252
340 3 0 172 252 173
341 3 0 173 252 253
342 3 0 173 253 174
343 3 0 174 253 254
344 3 0 174 254 175
345 3 0 175 254 255
346 3 0 175 255 176
347 3 0 176 255 256
348 3 0 176 256 177
349 3 0 177 256 257
350 3 0 177 257 178
351 3 0 178 257 258
352 3 0 178 258 179
353 3 0 179 258 259
354 3 0 179 259 180
355 3 0 180 259 260
356 3 0 180 260 181
357 3 0 181 260 261
358 3 0 181 261 182
359 3 0 182 261 262
360 3 0 182 262 183
361 3 0 183 262 263
362 3 0 183 263 184
363 3 0 184 263 264
364 3 0 184 264 185
365 3 0 185 264 265
366 3 0 185 265 186
367 3 0 186 265 266
368 3 0 186 266 187
369 3 0 187 266 267
370 3 0 187 267 188
371 3 0 188 267 268
372 3 0 188 268 189
373 3 0 189 268 269
374 3 0 189 269 190
375 3 0 190 269 270
376 3 0 190 270 191
377 3 0 191 270 271
378 3 0 191 271 192
379 3 0 192 271 272
380 3 0 192 272 193
381 3 0 193 272 273
382 3 0 193 273 194
383 3 0 194 273 274
384 3 0 194 274 195
385 3 0 195 274 275
386 3 0 195 275 196
387 3 0 196 275 276
388 3 0 196 276 197
389 3 0 197 276 277
390 3 0 197 277 198
391 3 0 198 277 278
392 3 0 198 278 199
393 3 0 199 278 279
394 3 0 199 279 200
395 3 0 200 279 280
396 3 0 200 280 201
397 3 0 201 280 281
398 3 0 201 281 202
399 3 0 202 281 282
400 3 0 202 282 203
401 3 0 203 282 283
402 3 0 203 283 204
403 3 0 204 283 284
404 3 0 204 284 205
405 3 0 205 284 285
406 3 0 205 285 206
407 3 0 206 285 286
408 3 0 206 286 207
409 3 0 207 286 287
410 3 0 207 287 208
411 3 0 208 287 288
412 3 0 208 288 209
413 3 0 209 288 289
414 3 0 209 289 210
415 3 0 210 289 290
416 3 0 210 290 211
417 3 0 211 290 291
418 3 0 211 291 212
419 3 0 212 291 292
420 3 0 212 292 213
421 3 0 213 292 293
422 3 0 213 293 214
423 3 0 214 293 294
424 3 0 214 294 215
425 3 0 215 294 295
426 3 0 215 295 216
427 3 0 216 295 296
428 3 0 216 296 217
429 3 0 217 296 297
430 3 0 217 297 218
431 3 0 218 297 298
432 3 0 218 298 219
433 3 0 219 298 299
434 3 0 219 299 220
435 3 0 220 299 300
436 3 0 220 300 221
437 3 0 221 300 301
438 3 0 221 301 222
439 3 0 222 301 302
440 3 0 222 302 223
441 3 0 223 302 303
442 3 0 223 303 224
443 3 0 224 303 304
444 3 0 224 304 225
445 3 0 225 304 305
446 3 0 225 305 226
447 3 0 226 305 306
448 3 0 226 306 227
449 3 0 227 306 307
450 3 0 227 307 228
451 3 0 228 307 308
452 3 0 228 308 229
453 3 0 229 308 309
454 3 0 229 309 230
455 3 0 230 309 310
456 3 0 230 310 231
457 3 0 231 310 311
458 3 0 231 311 232
459 3 0 232 311 312
460 3 0 232 312 233
461 3 0 233 312 313
462 3 0 233 313 234
463 3 0 234 313 314
464 3 0 234 314 235
465 3 0 235 314 315
466 3 0 235 315 236
467 3 0 236 315 316
468 3 0 236 316 237
469 3 0 237 316 317
470 3 0 237 317 238
471 3 0 238 317 318
472 3 0 238 318 239
473 3 0 239 318 319
474 3 0 240 320 241
475 3 0 241 320 321
476 3 0 241 321 242
477 3 0 242 321 322
478 3 0 242 322 243
479 3 0 243 322 323
480 3 0 243 323 244
481 3 0 244 323 324
482 3 0 244 324 245
483 3 0 245 324 325
484 3 0 245 325 246
485 3 0 246 325 326
486 3 0 246 326 247
487 3 0 247 326 327
488 3 0 247 327 248
489 3 0 248 327 328
490 3 0 248 328 249
491 3 0 249 328 329
492 3 0 249 329 250
493 3 0 250 329 330
494 3 0 250 330 251
495 3 0 251 330 331
496 3 0 251 331 252
497 3 0 252 331 332
498 3 0 252 332 253
499 3 0 253 332 333
500 3 0 253 333 254
501 3 0 254 333 334
502 3 0 254 334 255
503 3 0 255 334 335
504 3 0 255 335 256
505 3 0 256 335 336
506 3 0 256 336 257
507 3 0 257 336 337
508 3 0 257 337 258
509 3 0 258 337 338
510 3 0 258 338 259
511 3 0 259 338 339
512 3 0 259 339 260
513 3 0 260 339 340
514 3 0 260 340 261
515 3 0 261 340 341
516 3 0 261 341 262
517 3 0 262 341 342
518 3 0 262 342 263
519 3 0 263 342 343
520 3 0 263 343 264
521 3 0 264 343 344
522 3 0 264 344 265
523 3 0 265 344 345
524 3 0 265 345 266
525 3 0 266 345 346
526 3 0 266 346 267
527 3 0 267 346 347
528 3 0 267 347 268
529 3 0 268 347 348
530 3 0 268 348 269
531 3 0 269 348 349
532 3 0 269 349 270
533 3 0 270 349 350
534 3 0 270 350 271
535 3 0 271 350 351
536 3 0 271 351 272
537 3 0 272 351 352
538 3 0 272 352 273
539 3 0 273 352 353
540 3 0 273 353 274
541 3 0 274 353 354
542 3 0 274 354 275
543 3 0 275 354 355
544 3 0 275 355 276
545 3 0 276 355 356
546 3 0 276 356 277
547 3 0 277 356 357
548 3 0 277 357 278
549 3 0 278 357 358
550 3 0 278 358 279
551 3 0 279 358 359
552 3 0 279 359 280
553 3 0 280 359 360
554 3 0 280 360 281
555 3 0 281 360 361
556 3 0 281 361 282
557 3 0 282 361 362
558 3 0 282 362 283
559 3 0 283 362 363
560 3 0 283 363 284
561 3 0 284 363 364
562 3 0 284 364 285
563 3 0 285 364 365
564 3 0 285 365 286
565 3 0 286 365 366
566 3 0 286 366 287
567 3 0 287 366 367
568 3 0 287 367 288
569 3 0 288 367 368
570 3 0 288 368 289
571 3 0 289 368 369
572 3 0 289 369 290
573 3 0 290 369 370
574 3 0 290 370 291
575 3 0 291 370 371
576 3 0 291 371 292
577 3 0 292 371 372
578 3 0 292 372 293
579 3 0 293 372 373
580 3 0 293 373 294
581 3 0 294 373 374
582 3 0 294 374 295
583 3 0 295 374 375
584 3 0 295 375 296
585 3 0 296 375 376
586 3 0 296 376 297
587 3 0 297 376 377
588 3 0 297 377 298
589 3 0 298 377 378
590 3 0 298 378 299
591 3 0 299 378 379
592 3 0 299 379 300
593 3 0 300 379 380
594 3 0 300 380 301
595 3 0 301 380 381
596 3 0 301 381 302
597 3 0 302 381 382
598 3 0 302 382 303
599 3 0 303 382 383
600 3 0 303 383 304
601 3 0 304 383 384
602 3 0 304 384 305
603 3 0 305 384 385
604 3 0 305 385 306
605 3 0 306 385 386
606 3 0 306 386 307
607 3 0 307 386 387
608 3 0 307 387 308
609 3 0 308 387 388
610 3 0 308 388 309
611 3 0 309 388 389
612 3 0 309 389 310
613 3 0 310 389 390
614 3 0 310 390 311
615 3 0 311 390 391
616 3 0 311 391 312
617 3 0 312 391 392
618 3 0 312 392 313
619 3 0 313 392 393
620 3 0 313 393 314
621 3 0 314 393 394
622 3 0 314 394 315
623 3 0 315 394 395
624 3 0 315 395 316
625 3 0 316 395 396
626 3 0 316 396 317
627 3 0 317 396 397
628 3 0 317 397 318
629 3 0 318 397 398
630 3 0 318 398 319
631 3 0 319 398 399
632 3 0 320 400 321
633 3 0 321 400 401
634 3 0 321 401 322
635 3 0 322 401 402
636 3 0 322 402 323
637 3 0 323 402 403
638 3 0 323 403 324
639 3 0 324 403 404
640 3 0 324 404 325
641 3 0 325 404 405
642 3 0 325 405 326
643 3 0 326 405 406
644 3 0 326 406 327
645 3 0 327 406 407
646 3 0 327 407 328
647 3 0 328 407 408
648 3 0 328 408 329
649 3 0 329 408 409
650 3 0 329 409 330
651 3 0 330 409 410
652 3 0 330 410 331
653 3 0 331 410 411
654 3 0 331 411 332
655 3 0 332 411 412
656 3 0 332 412 333
657 3 0 333 412 413
658 3 0 333 413 334
659 3 0 334 413 414
660 3 0 334 414 335
661 3 0 335 414 415
662 3 0 335 415 336
663 3 0 336 415 416
664 3 0 336 416 337
665 3 0 337 416 417
666 3 0 337 417 338
667 3 0 338 417 418
668 3 0 338 418 339
669 3 0 339 418 419
670 3 0 339 419 340
671 3 0 340 419 420
672 3 0 340 420 341
673 3 0 341 420 421
674 3 0 341 421 342
675 3 0 342 421 422
676 3 0 342 422 343
677 3 0 343 422 423
678 3 0 343 423 344
679 3 0 344 423 424
680 3 0 344 424 345
681 3 0 345 424 425
682 3 0 345 425 346
683 3 0 346 425 426
684 3 0 346 426 347
685 3 0 347 426 427
686 3 0 347 427 348
687 3 0 348 427 428
688 3 0 348 428 349
689 3 0 349 428 429
690 3 0 349 429 350
691 3 0 350 429 430
692 3 0 350 430 351
693 3 0 351 430 431
694 3 0 351 431 352
695 3 0 352 431 432
696 3 0 352 432 353
697 3 0 353 432 433
698 3 0 353 433 354
699 3 0 354 433 434
700 3 0 354 434 355
701 3 0 355 434 435
702 3 0 355 435 356
703 3 0 356 435 436
704 3 0 356 436 357
705 3 0 357 436 437
706 3 0 357 437 358
707 3 0 358 437 438
708 3 0 358 438 359
709 3 0 359 438 439
710 3 0 359 439 360
711 3 0 360 439 440
712 3 0 360 440 361
713 3 0 361 440 441
714 3 0 361 441 362
715 3 0 362 441 442
716 3 0 362 442 363
717 3 0 363 442 443
718 3 0 363 443 364
719 3 0 364 443 444
720 3 0 364 444 365
721 3 0 365 444 445
722 3 0 365 445 366
723 3 0 366 445 446
724 3 0 366 446 367
725 3 0 367 446 447
726 3 0 367 447 368
727 3 0 368 447 448
728 3 0 368 448 369
729 3 0 369 448 449
730 3 0 369 449 370
731 3 0 370 449 450
732 3 0 370 450 371
733 3 0 371 450 451
734 3 0 371 451 372
735 3 0 372 451 452
736 3 0 372 452 373
737 3 0 373 452 453
738 3 0 373 453 374
739 3 0 374 453 454
740 3 0 374 454 375
741 3 0 375 454 455
742 3 0 375 455 376
743 3 0 376 455 456
744 3 0 376 456 377
745 3 0 377 456 457
746 3 0 377 457 378
747 3 0 378 457 458
748 3 0 378 458 379
749 3 0 379 458 459
750 3 0 379 459 380
751 3 0 380 459 460
752 3 0 380 460 381
753 3 0 381 460 461
754 3 0 381 461 382
755 3 0 382 461 462
756 3 0 382 462 383
757 3 0 383 462 463
758 3 0 383 463 384
759 3 0 384 463 464
760 3 0 384 464 385
761 3 0 385 464 465
762 3 0 385 465 386
763 3 0 386 465 466
764 3 0 386 466 387
765 3 0 387 466 467
766 3 0 387 467 388
767 3 0 388 467 468
768 3 0 388 468 389
769 3 0 389 468 469
770 3 0 389 469 390
771 3 0 390 469 470
772 3 0 390 470 391
773 3 0 391 470 471
774 3 0 391 471 392
775 3 0 392 471 472
776 3 0 392 472 393
777 3 0 393 472 473
778 3 0 393 473 394
779 3 0 394 473 474
780 3 0 394 474 395
781 3 0 395 474 475
782 3 0 395 475 396
783 3 0 396 475 476
784 3 0 396 476 397
785 3 0 397 476 477
786 3 0 397 477 398
787 3 0 398 477 478
788 3 0 398 478 399
789 3 0 399 478 479
790 3 0 400 480 401
791 3 0 401 480 481
792 3 0 401 481 402
793 3 0 402 481 482
794 3 0 402 482 403
795 3 0 403 482 483
796 3 0 403 483 404
797 3 0 404 483 484
798 3 0 404 484 405
799 3 0 405 484 485
800 3 0 405 485 406
801 3 0 406 485 486
802 3 0 406 486 407
803 3 0 407 486 487
804 3 0 407 487 408
805 3 0 408 487 488
806 3 0 408 488 409
807 3 0 409 488 489
808 3 0 409 489 410
809 3 0 410 489 490
810 3 0 410 490 411
811 3 0 411 490 491
812 3 0 411 491 412
813 3 0 412 491 492
814 3 0 412 492 413
815 3 0 413 492 493
816 3 0 413 493 414
817 3 0 414 493 494
818 3 0 414 494 415
819 3 0 415 494 495
820 3 0 415 495 416
821 3 0 416 495 496
822 3 0 416 496 417
823 3 0 417 496 497
824 3 0 417 497 418
825 3 0 418 497 498
826 3 0 418 498 419
827 3 0 419 498 499
828 3 0 419 499 420
829 3 0 420 499 500
830 3 0 420 500 421
831 3 0 421 500 501
832 3 0 421 501 422
833 3 0 422 501 502
834 3 0 422 502 423
835 3 0 423 502 503
836 3 0 423 503 424
837 3 0 424 503 504
838 3 0 424 504 425
839 3 0 425 504 505
840 3 0 425 505 426
841 3 0 426 505 506
842 3 0 426 506 427
843 3 0 427 506 507
844 3 0 427 507 428
845 3 0 428 507 508
846 3 0 428 508 429
847 3 0 429 508 509
848 3 0 429 509 430
849 3 0 430 509 510
850 3 0 430 510 431
851 3 0 431 510 511
852 3 0 431 511 432
853 3 0 432 511 512
854 3 0 432 512 433
855 3 0 433 512 513
856 3 0 433 513 434
857 3 0 434 513 514
858 3 0 434 514 435
859 3 0 435 514 515
860 3 0 435 515 436
861 3 0 436 515 516
862 3 0 436 516 437
863 3 0 437 516 517
864 3 0 437 517 438
865 3 0 438 517 518
866 3 0 438 518 439
867 3 0 439 518 519
868 3 0 439 519 440
869 3 0 440 519 520
870 3 0 440 520 441
871 3 0 441 520 521
872 3 0 441 521 442
873 3 0 442 521 522
874 3 0 442 522 443
875 3 0 443 522 523
876 3 0 443 523 444
877 3 0 444 523 524
878 3 0 444 524 445
879 3 0 445 524 525
880 3 0 445 525 446
881 3 0 446 525 526
882 3 0 446 526 447
883 3 0 447 526 527
884 3 0 447 527 448
885 3 0 448 527 528
886 3 0 448 528 449
887 3 0 449 528 529
888 3 0 449 529 450
889 3 0 450 529 530
890 3 0 450 530 451
891 3 0 451 530 531
892 3 0 451 531 452
893 3 0 452 531 532
894 3 0 452 532 453
895 3 0 453 532 533
896 3 0 453 533 454
897 3 0 454 533 534
898 3 0 454 534 455
899 3 0 455 534 535
900 3 0 455 535 456
901 3 0 456 535 536
902 3 0 456 536 457
903 3 0 457 536 537
904 3 0 457 537 458
905 3 0 458 537 538
906 3 0 458 538 459
907 3 0 459 538 539
908 3 0 459 539 460
909 3 0 460 539 540
910 3 0 460 540 461
911 3 0 461 540 541
912 3 0 461 541 462
913 3 0 462 541 542
914 3 0 462 542 463
915 3 0 463 542 543
916 3 0 463 543 464
917 3 0 464 543 544
918 3 0 464 544 465
919 3 0 465 544 545
920 3 0 465 545 466
921 3 0 466 545 546
922 3 0 466 546 467
923 3 0 467 546 547
924 3 0 467 547 468
925 3 0 468 547 548
926 3 0 468 548 469
927 3 0 469 548 549
928 3 0 469 549 470
929 3 0 470 549 550
930 3 0 470 550 471
931 3 0 471 550 551
932 3 0 471 551 472
933 3 0 472 551 552
934 3 0 472 552 473
935 3 0 473 552 553
936 3 0 473 553 474
937 3 0 474 553 554
938 3 0 474 554 475
939 3 0 475 554 555
940 3 0 475 555 476
941 3 0 476 555 556
942 3 0 476 556 477
943 3 0 477 556 557
944 3 0 477 557 478
945 3 0 478 557 558
946 3 0 478 558 479
947 3 0 479 558 559
948 3 0 480 560 481
949 3 0 481 560 561
950 3 0 481 561 482
951 3 0 482 561 562
952 3 0 482 562 483
953 3 0 483 562 563
954 3 0 483 563 484
955 3 0 484 563 564
956 3 0 484 564 485
957 3 0 485 564 565
958 3 0 485 565 486
959 3 0 486 565 566
960 3 0 486 566 487
961 3 0 487 566 567
962 3 0 487 567 488
963 3 0 488 567 568
964 3 0 488 568 489
965 3 0 489 568 569
966 3 0 489 569 490
967 3 0 490 569 570
968 3 0 490 570 491
969 3 0 491 570 571
970 3 0 491 571 492
971 3 0 492 571 572
972 3 0 492 572 493
973 3 0 493 572 573
974 3 0 493 573 494
975 3 0 494 573 574
976 3 0 494 574 495
977 3 0 495 574 575
978 3 0 495 575 496
979 3 0 496 575 576
980 3 0 496 576 497
981 3 0 497 576 577
982 3 0 497 577 498
983 3 0 498 577 578
984 3 0 498 578 499
985 3 0 499 578 579
986 3 0 499 579 500
987 3 0 500 579 580
988 3 0 500 580 501
989 3 0 501 580 581
990 3 0 501 581 502
991 3 0 502 581 582
992 3 0 502 582 503
993 3 0 503 582 583
994 3 0 503 583 504
995 3 0 504 583 584
996 3 0 504 584 505
997 3 0 505 584 585
998 3 0 505 585 506
999 3 0 506 585 586
1000 3 0 506 586 507
1001 3 0 507 586 587
1002 3 0 507 587 508
1003 3 0 508 587 588
1004 3 0 508 588 509
1005 3 0 509 588 589
1006 3 0 509 589 510
1007 3 0 510 589 590
1008 3 0 510 590 511
1009 3 0 511 590 591
1010 3 0 511 591 512
1011 3 0 512 591 592
1012 3 0 512 592 513
1013 3 0 513 592 593
1014 3 0 513 593 514
1015 3 0 514 593 594
1016 3 0 514 594 515
1017 3 0 515 594 595
1018 3 0 515 595 516
1019 3 0 516 595 596
1020 3 0 516 596 517
1021 3 0 517 596 597
1022 3 0 517 597 518
1023 3 0 518 597 598
1024 3 0 518 598 519
1025 3 0 519 598 599
1026 3 0 519 599 520
1027 3 0 520 599 600
1028 3 0 520 600 521
1029 3 0 521 600 601
1030 3 0 521 601 522
1031 3 0 522 601 602
1032 3 0 522 602 523
1033 3 0 523 602 603
1034 3 0 523 603 524
1035 3 0 524 603 604
1036 3 0 524 604 525
1037 3 0 525 604 605
1038 3 0 525 605 526
1039 3 0 526 605 606
1040 3 0 526 606 527
1041 3 0 527 606 607
1042 3 0 527 607 528
1043 3 0 528 607 608
1044 3 0 528 608 529
1045 3 0 529 608 609
1046 3 0 529 609 530
1047 3 0 530 609 610
1048 3 0 530 610 531
1049 3 0 531 610 611
1050 3 0 531 611 532
1051 3 0 532 611 612
1052 3 0 532 612 533
1053 3 0 533 612 613
1054 3 0 533 613 534
1055 3 0 534 613 614
1056 3 0 534 614 535
1057 3 0 535 614 615
1058 3 0 535 615 536
1059 3 0 536 615 616
1060 3 0 536 616 537
1061 3 0 537 616 617
1062 3 0 537 617 538
1063 3 0 538 617 618
1064 3 0 538 618 539
1065 3 0 539 618 619
1066 3 0 539 619 540
1067 3 0 540 619 620
1068 3 0 540 620 541
1069 3 0 541 620 621
1070 3 0 541 621 542
1071 3 0 542 621 622
1072 3 0 542 622 543
1073 3 0 543 622 623
1074 3 0 543 623 544
1075 3 0 544 623 624
1076 3 0 544 624 545
1077 3 0 545 624 625
1078 3 0 545 625 546
1079 3 0 546 625 626
1080 3 0 546 626 547
1081 3 0 547 626 627
1082 3 0 547 627 548
1083 3 0 548 627 628
1084 3 0 548 628 549
1085 3 0 549 628 629
1086 3 0 549 629 550
1087 3 0 550 629 630
1088 3 0 550 630 551
1089 3 0 551 630 631
1090 3 0 551 631 552
1091 3 0 552 631 632
1092 3 0 552 632 553
1093 3 0 553 632 633
1094 3 0 553 633 554
1095 3 0 554 633 634
1096 3 0 554 634 555
1097 3 0 555 634 635
1098 3 0 555 635 556
1099 3 0 556 635 636
1100 3 0 556 636 557
1101 3 0 557 636 637
1102 3 0 557 637 558
1103 3 0 558 637 638
1104 3 0 558 638 559
1105 3 0 559 638 639
1106 3 0 560 640 561
1107 3 0 561 640 641
1108 3 0 561 641 562
1109 3 0 562 641 642
1110 3 0 562 642 563
1111 3 0 563 642 643
1112 3 0 563 643 564
1113 3 0 564 643 644
1114 3 0 564 644 565
1115 3 0 565 644 645
1116 3 0 565 645 566
1117 3 0 566 645 646
1118 3 0 566 646 567
1119 3 0 567 646 647
1120 3 0 567 647 568
1121 3 0 568 647 648
1122 3 0 568 648 569
1123 3 0 569 648 649
1124 3 0 569 649 570
1125 3 0 570 649 650
1126 3 0 570 650 571
1127 3 0 571 650 651
1128 3 0 571 651 572
1129 3 0 572 651 652
1130 3 0 572 652 573
1131 3 0 573 652 653
1132 3 0 573 653 574
1133 3 0 574 653 654
1134 3 0 574 654 575
1135 3 0 575 654 655
1136 3 0 575 655 576
1137 3 0 576 655 656
1138 3 0 576 656 577
1139 3 0 577 656 657
1140 3 0 577 657 578
1141 3 0 578 657 658
1142 3 0 578 658 579
1143 3 0 579 658 659
1144 3 0 579 659 580
1145 3 0 580 659 660
1146 3 0 580 660 581
1147 3 0 581 660 661
1148 3 0 581 661 582
1149 3 0 582 661 662
1150 3 0 582 662 583
1151 3 0 583 662 663
1152 3 0 583 663 584
1153 3 0 584 663 664
1154 3 0 584 664 585
1155 3 0 585 664 665
1156 3 0 585 665 586
1157 3 0 586 665 666
1158 3 0 586 666 587
1159 3 0 587 666 667
1160 3 0 587 667 588
1161 3 0 588 667 668
1162 3 0 588 668 589
1163 3 0 589 668 669
1164 3 0 589 669 590
1165 3 0 590 669 670
1166 3 0 590 670 591
1167 3 0 591 670 671
1168 3 0 591 671 592
1169 3 0 592 671 672
1170 3 0 592 672 593
1171 3 0 593 672 673
1172 3 0 593 673 594
1173 3 0 594 673 674
1174 3 0 594 674 595
1175 3 0 595 674 675
1176 3 0 595 675 596
1177 3 0 596 675 676
1178 3 0 596 676 597
1179 3 0 597 676 677
1180 3 0 597 677 598
1181 3 0 598 677 678
1182 3 0 598 678 599
1183 3 0 599 678 679
1184 3 0 599 679 600
1185 3 0 600 679 680
1186 3 0 600 680 601
1187 3 0 601 680 681
1188 3 0 601 681 602
1189 3 0 602 681 682
1190 3 0 602 682 603
1191 3 0 603 682 683
1192 3 0 603 683 604
1193 3 0 604 683 684
1194 3 0 604 684 605
1195 3 0 605 684 685
1196 3 0 605 685 606
1197 3 0 606 685 686
1198 3 0 606 686 607
1199 3 0 607 686 687
1200 3 0 607 687 608
1201 3 0 608 687 688
1202 3 0 608 688 609
1203 3 0 609 688 689
1204 3 0 609 689 610
1205 3 0 610 689 690
1206 3 0 610 690 611
1207 3 0 611 690 691
1208 3 0 611 691 612
1209 3 0 612 691 692
1210 3 0 612 692 613
1211 3 0 613 692 693
1212 3 0 613 693 614
1213 3 0 614 693 694
1214 3 0 614 694 615
1215 3 0 615 694 695
1216 3 0 615 695 616
1217 3 0 616 695 696
1218 3 0 616 696 617
1219 3 0 617 696 697
1220 3 0 617 697 618
1221 3 0 618 697 698
1222 3 0 618 698 619
1223 3 0 619 698 699
1224 3 0 619 699 620
1225 3 0 620 699 700
1226 3 0 620 700 621
1227 3 0 621 700 701
1228 3 0 621 701 622
1229 3 0 622 701 702
1230 3 0 622 702 623
1231 3 0 623 702 703
1232 3 0 623 703 624
1233 3 0 624 703 704
1234 3 0 624 704 625
1235 3 0 625 704 705
1236 3 0 625 705 626
1237 3 0 626 705 706
1238 3 0 626 706 627
1239 3 0 627 706 707
1240 3 0 627 707 628
1241 3 0 628 707 708
1242 3 0 628 708 629
1243 3 0 629 708 709
1244 3 0 629 709 630
1245 3 0 630 709 710
1246 3 0 630 710 631
1247 3 0 631 710 711
1248 3 0 631 711 632
1249 3 0 632 711 712
1250 3 0 632 712 633
1251 3 0 633 712 713
1252 3 0 633 713 634
1253 3 0 634 713 714
1254 3 0 634 714 635
1255 3 0 635 714 715
1256 3 0 635 715 636
1257 3 0 636 715 716
1258 3 0 636 716 637
1259 3 0 637 716 717
1260 3 0 637 717 638
1261 3 0 638 717 718
1262 3 0 638 718 639
1263 3 0 639 718 719
1264 3 0 640 720 641
1265 3 0 641 720 721
1266 3 0 641 721 642
1267 3 0 642 721 722
1268 3 0 642 722 643
1269 3 0 643 722 723
1270 3 0 643 723 644
1271 3 0 644 723 724
1272 3 0 644 724 645
1273 3 0 645 724 725
1274 3 0 645 725 646
1275 3 0 646 725 726
1276 3 0 646 726 647
1277 3 0 647 726 727
1278 3 0 647 727 648
1279 3 0 648 727 728
1280 3 0 648 728 649
1281 3 0 649 728 729
1282 3 0 649 729 650
1283 3 0 650 729 730
1284 3 0 650 730 651
1285 3 0 651 730 731
1286 3 0 651 731 652
1287 3 0 652 731 732
1288 3 0 652 732 653
1289 3 0 653 732 733
1290 3 0 653 733 654
1291 3 0 654 733 734
1292 3 0 654 734 655
1293 3 0 655 734 735
1294 3 0 655 735 656
1295 3 0 656 735 736
1296 3 0 656 736 657
1297 3 0 657 736 737
1298 3 0 657 737 658
1299 3 0 658 737 738
1300 3 0 658 738 659
1301 3 0 659 738 739
1302 3 0 659 739 660
1303 3 0 660 739 740
1304 3 0 660 740 661
1305 3 0 661 740 741
1306 3 0 661 741 662
1307 3 0 662 741 742
1308 3 0 662 742 663
1309 3 0 663 742 743
1310 3 0 663 743 664
1311 3 0 664 743 744
1312 3 0 664 744 665
1313 3 0 665 744 745
1314 3 0 665 745 666
1315 3 0 666 745 746
1316 3 0 666 746 667
1317 3 0 667 746 747
1318 3 0 667 747 668
1319 3 0 668 747 748
1320 3 0 668 748 669
1321 3 0 669 748 749
1322 3 0 669 749 670
1323 3 0 670 749 750
1324 3 0 670 750 671
1325 3 0 671 750 751
1326 3 0 671 751 672
1327 3 0 672 751 752
1328 3 0 672 752 673
1329 3 0 673 752 753
1330 3 0 673 753 674
1331 3 0 674 753 754
1332 3 0 674 754 675
1333 3 0 675 754 755
1334 3 0 675 755 676
1335 3 0 676 755 756
1336 3 0 676 756 677
1337 3 0 677 756 757
1338 3 0 677 757 678
1339 3 0 678 757 758
1340 3 0 678 758 679
1341 3 0 679 758 759
1342 3 0 679 759 680
1343 3 0 680 759 760
1344 3 0 680 760 681
1345 3 0 681 760 761
1346 3 0 681 761 682
1347 3 0 682 761 762
1348 3 0 682 762 683
1349 3 0 683 762 763
1350 3 0 683 763 684
1351 3 0 684 763 764
1352 3 0 684 764 685
1353 3 0 685 764 765
1354 3 0 685 765 686
1355 3 0 686 765 766
1356 3 0 686 766 687
1357 3 0 687 766 767
1358 3 0 687 767 688
1359 3 0 688 767 768
1360 3 0 688 768 689
1361 3 0 689 768 769
1362 3 0 689 769 690
1363 3 0 690 769 770
1364 3 0 690 770 691
1365 3 0 691 770 771
1366 3 0 691 771 692
1367 3 0 692 771 772
1368 3 0 692 772 693
1369 3 0 693 772 773
1370 3 0 693 773 694
1371 3 0 694 773 774
1372 3 0 694 774 695
1373 3 0 695 774 775
1374 3 0 695 775 696
1375 3 0 696 775 776
1376 3 0 696 776 697
1377 3 0 697 776 777
1378 3 0 697 777 698
1379 3 0 698 777 778
1380 3 0 698 778 699
1381 3 0 699 778 779
1382 3 0 699 779 700
1383 3 0 700 779 780
1384 3 0 700 780 701
1385 3 0 701 780 781
1386 3 0 701 781 702
1387 3 0 702 781 782
1388 3 0 702 782 703
1389 3 0 703 782 783
1390 3 0 703 783 704
1391 3 0 704 783 784
1392 3 0 704 784 705
1393 3 0 705 784 785
1394 3 0 705 785 706
1395 3 0 706 785 786
1396 3 0 706 786 707
1397 3 0 707 786 787
1398 3 0 707 787 708
1399 3 0 708 787 788
1400 3 0 708 788 709
1401 3 0 709 788 789
1402 3 0 709 789 710
1403 3 0 710 789 790
1404 3 0 710 790 711
1405 3 0 711 790 791
1406 3 0 711 791 712
1407 3 0 712 791 792
1408 3 0 712 792 713
1409 3 0 713 792 793
1410 3 0 713 793 714
1411 3 0 714 793 794
1412 3 0 714 794 715
1413 3 0 715 794 795
1414 3 0 715 795 716
1415 3 0 716 795 796
1416 3 0 716 796 717
1417 3 0 717 796 797
1418 3 0 717 797 718
1419 3 0 718 797 798
1420 3 0 718 798 719
1421 3 0 719 798 799
1422 3 0 720 800 721
1423 3 0 721 800 801
1424 3 0 721 801 722
1425 3 0 722 801 802
1426 3 0 722 802 723
1427 3 0 723 802 803
1428 3 0 723 803 724
1429 3 0 724 803 804
1430 3 0 724 804 725
1431 3 0 725 804 805
1432 3 0 725 805 726
1433 3 0 726 805 806
1434 3 0 726 806 727
1435 3 0 727 806 807
1436 3 0 727 807 728
1437 3 0 728 807 808
1438 3 0 728 808 729
1439 3 0 729 808 809
1440 3 0 729 809 730
1441 3 0 730 809 810
1442 3 0 730 810 731
1443 3 0 731 810 811
1444 3 0 731 811 732
1445 3 0 732 811 812
1446 3 0 732 812 733
1447 3 0 733 812 813
1448 3 0 733 813 734
1449 3 0 734 813 814
1450 3 0 734 814 735
1451 3 0 735 814 815
1452 3 0 735 815 736
1453 3 0 736 815 816
1454 3 0 736 816 737
1455 3 0 737 816 817
1456 3 0 737 817 738
1457 3 0 738 817 818
1458 3 0 738 818 739
1459 3 0 739 818 819
1460 3 0 739 819 740
1461 3 0 740 819 820
1462 3 0 740 820 741
1463 3 0 741 820 821
1464 3 0 741 821 742
1465 3 0 742 821 822
1466 3 0 742 822 743
1467 3 0 743 822 823
1468 3 0 743 823 744
1469 3 0 744 823 824
1470 3 0 744 824 745
1471 3 0 745 824 825
1472 3 0 745 825 746
1473 3 0 746 825 826
1474 3 0 746 826 747
1475 3 0 747 826 827
1476 3 0 747 827 748
1477 3 0 748 827 828
1478 3 0 748 828 749
1479 3 0 749 828 829
1480 3 0 749 829 750
1481 3 0 750 829 830
1482 3 0 750 830 751
1483 3 0 751 830 831
1484 3 0 751 831 752
1485 3 0 752 831 832
1486 3 0 752 832 753
1487 3 0 753 832 833
1488 3 0 753 833 754
1489 3 0 754 833 834
1490 3 0 754 834 755
1491 3 0 755 834 835
1492 3 0 755 835 756
1493 3 0 756 835 836
1494 3 0 756 836 757
1495 3 0 757 836 837
1496 3 0 757 837 758
1497 3 0 758 837 838
1498 3 0 758 838 759
1499 3 0 759 838 839
1500 3 0 759 839 760
1501 3 0 760 839 840
1502 3 0 760 840 761
1503 3 0 761 840 841
1504 3 0 761 841 762
1505 3 0 762 841 842
1506 3 0 762 842 763
1507 3 0 763 842 843
1508 3 0 763 843 764
1509 3 0 764 843 844
1510 3 0 764 844 765
1511 3 0 765 844 845
1512 3 0 765 845 766
1513 3 0 766 845 846
1514 3 0 766 846 767
1515 3 0 767 846 847
1516 3 0 767 847 768
1517 3 0 768 847 848
1518 3 0 768 848 769
1519 3 0 769 848 849
1520 3 0 769 849 770
1521 3 0 770 849 850
1522 3 0 770 850 771
1523 3 0 771 850 851
1524 3 0 771 851 772
1525 3 0 772 851 852
1526 3 0 772 852 773
1527 3 0 773 852 853
1528 3 0 773 853 774
1529 3 0 774 853 854
1530 3 0 774 854 775
1531 3 0 775 854 855
1532 3 0 775 855 776
1533 3 0 776 855 856
1534 3 0 776 856 777
1535 3 0 777 856 857
1536 3 0 777 857 778
1537 3 0 778 857 858
1538 3 0 778 858 779
1539 3 0 779 858 859
1540 3 0 779 859 780
1541 3 0 780 859 860
1542 3 0 780 860 781
1543 3 0 781 860 861
1544 3 0 781 861 782
1545 3 0 782 861 862
1546 3 0 782 862 783
1547 3 0 783 862 863
1548 3 0 783 863 784
1549 3 0 784 863 864
1550 3 0 784 864 785
1551 3 0 785 864 865
1552 3 0 785 865 786
1553 3 0 786 865 866
1554 3 0 786 866 787
1555 3 0 787 866 867
1556 3 0 787 867 788
1557 3 0 788 867 868
1558 3 0 788 868 789
1559 3 0 789 868 869
1560 3 0 789 869 790
1561 3 0 790 869 870
1562 3 0 790 870 791
1563 3 0 791 870 871
1564 3 0 791 871 792
1565 3 0 792 871 872
1566 3 0 792 872 793
1567 3 0 793 872 873
1568 3 0 793 873 794
1569 3 0 794 873 874
1570 3 0 794 874 795
1571 3 0 795 874 875
1572 3 0 795 875 796
1573 3 0 796 875 876
1574 3 0 796 876 797
1575 3 0 797 876 877
1576 3 0 797 877 798
1577 3 0 798 877 878
1578 3 0 798 878 799
1579 3 0 799 878 879
1580 3 0 800 880 801
1581 3 0 801 880 881
1582 3 0 801 881 802
1583 3 0 802 881 882
1584 3 0 802 882 803
1585 3 0 803 882 883
1586 3 0 803 883 804
1587 3 0 804 883 884
1588 3 0 804 884 805
1589 3 0 805 884 885
1590 3 0 805 885 806
1591 3 0 806 885 886
1592 3 0 806 886 807
1593 3 0 807 886 887
1594 3 0 807 887 808
1595 3 0 808 887 888
1596 3 0 808 888 809
1597 3 0 809 888 889
1598 3 0 809 889 810
1599 3 0 810 889 890
1600 3 0 810 890 811
1601 3 0 811 890 891
1602 3 0 811 891 812
1603 3 0 812 891 892
1604 3 0 812 892 813
1605 3 0 813 892 893
1606 3 0 813 893 814
1607 3 0 814 893 894
1608 3 0 814 894 815
1609 3 0 815 894 895
1610 3 0 815 895 816
1611 3 0 816 895 896
1612 3 0 816 896 817
1613 3 0 817 896 897
1614 3 0 817 897 818
1615 3 0 818 897 898
1616 3 0 818 898 819
1617 3 0 819 898 899
1618 3 0 819 899 820
1619 3 0 820 899 900
1620 3 0 820 900 821
1621 3 0 821 900 901
1622 3 0 821 901 822
1623 3 0 822 901 902
1624 3 0 822 902 823
1625 3 0 823 902 903
1626 3 0 823 903 824
1627 3 0 824 903 904
1628 3 0 824 904 825
1629 3 0 825 904 905
1630 3 0 825 905 826
1631 3 0 826 905 906
1632 3 0 826 906 827
1633 3 0 827 906 907
1634 3 0 827 907 828
1635 3 0 828 907 908
1636 3 0 828 908 829
1637 3 0 829 908 909
1638 3 0 829 909 830
1639 3 0 830 909 910
1640 3 0 830 910 831
1641 3 0 831 910 911
1642 3 0 831 911 832
1643 3 0 832 911 912
1644 3 0 832 912 833
1645 3 0 833 912 913
1646 3 0 833 913 834
1647 3 0 834 913 914
1648 3 0 834 914 835
1649 3 0 835 914 915
1650 3 0 835 915 836
1651 3 0 836 915 916
1652 3 0 836 916 837
1653 3 0 837 916 917
1654 3 0 837 917 838
1655 3 0 838 917 918
1656 3 0 838 918 839
1657 3 0 839 918 919
1658 3 0 839 919 840
1659 3 0 840 919 920
1660 3 0 840 920 841
1661 3 0 841 920 921
1662 3 0 841 921 842
1663 3 0 842 921 922
1664 3 0 842 922 843
1665 3 0 843 922 923
1666 3 0 843 923 844
1667 3 0 844 923 924
1668 3 0 844 924 845
1669 3 0 845 924 925
1670 3 0 845 925 846
1671 3 0 846 925 926
1672 3 0 846 926 847
1673 3 0 847 926 927
1674 3 0 847 927 848
1675 3 0 848 927 928
1676 3 0 848 928 849
1677 3 0 849 928 929
1678 3 0 849 929 850
1679 3 0 850 929 930
1680 3 0 850 930 851
1681 3 0 851 930 931
1682 3 0 851 931 852
1683 3 0 852 931 932
1684 3 0 852 932 853
1685 3 0 853 932 933
1686 3 0 853 933 854
1687 3 0 854 933 934
1688 3 0 854 934 855
1689 3 0 855 934 935
1690 3 0 855 935 856
1691 3 0 856 935 936
1692 3 0 856 936 857
1693 3 0 857 936 937
1694 3 0 857 937 858
1695 3 0 858 937 938
1696 3 0 858 938 859
1697 3 0 859 938 939
1698 3 0 859 939 860
1699 3 0 860 939 940
1700 3 0 860 940 861
1701 3 0 861 940 941
1702 3 0 861 941 862
1703 3 0 862 941 942
1704 3 0 862 942 863
1705 3 0 863 942 943
1706 3 0 863 943 864
1707 3 0 864 943 944
1708 3 0 864 944 865
1709 3 0 865 944 945
1710 3 0 865 945 866
1711 3 0 866 945 946
1712 3 0 866 946 867
1713 3 0 867 946 947
1714 3 0 867 947 868
1715 3 0 868 947 948
1716 3 0 868 948 869
1717 3 0 869 948 949
1718 3 0 869 949 870
1719 3 0 870 949 950
1720 3 0 870 950 871
1721 3 0 871 950 951
1722 3 0 871 951 872
1723 3 0 872 951 952
1724 3 0 872 952 873
1725 3 0 873 952 953
1726 3 0 873 953 874
1727 3 0 874 953 954
1728 3 0 874 954 875
1729 3 0 875 954 955
1730 3 0 875 955 876
1731 3 0 876 955 956
1732 3 0 876 956 877
1733 3 0 877 956 957
1734 3 0 877 957 878
1735 3 0 878 957 958
1736 3 0 878 958 879
1737 3 0 879 958 959
1738 3 0 880 960 881
1739 3 0 881 960 961
1740 3 0 881 961 882
1741 3 0 882 961 962
1742 3 0 882 962 883
1743 3 0 883 962 963
1744 3 0 883 963 884
1745 3 0 884 963 964
1746 3 0 884 964 885
1747 3 0 885 964 965
1748 3 0 885 965 886
1749 3 0 886 965 966
1750 3 0 886 966 887
1751 3 0 887 966 967
1752 3 0 887 967 888
1753 3 0 888 967 968
1754 3 0 888 968 889
1755 3 0 889 968 969
1756 3 0 889 969 890
1757 3 0 890 969 970
1758 3 0 890 970 891
1759 3 0 891 970 971
1760 3 0 891 971 892
1761 3 0 892 971 972
1762 3 0 892 972 893
1763 3 0 893 972 973
1764 3 0 893 973 894
1765 3 0 894 973 974
1766 3 0 894 974 895
1767 3 0 895 974 975
1768 3 0 895 975 896
1769 3 0 896 975 976
1770 3 0 896 976 897
1771 3 0 897 976 977
1772 3 0 897 977 898
1773 3 0 898 977 978
1774 3 0 898 978 899
1775 3 0 899 978 979
1776 3 0 899 979 900
1777 3 0 900 979 980
1778 3 0 900 980 901
1779 3 0 901 980 981
1780 3 0 901 981 902
1781 3 0 902 981 982
1782 3 0 902 982 903
1783 3 0 903 982 983
1784 3 0 903 983 904
1785 3 0 904 983 984
1786 3 0 904 984 905
1787 3 0 905 984 985
1788 3 0 905 985 906
1789 3 0 906 985 986
1790 3 0 906 986 907
1791 3 0 907 986 987
1792 3 0 907 987 908
1793 3 0 908 987 988
1794 3 0 908 988 909
1795 3 0 909 988 989
1796 3 0 909 989 910
1797 3 0 910 989 990
1798 3 0 910 990 911
1799 3 0 911 990 991
1800 3 0 911 991 912
1801 3 0 912 991 992
1802 3 0 912 992 913
1803 3 0 913 992 993
1804 3 0 913 993 914
1805 3 0 914 993 994
1806 3 0 914 994 915
1807 3 0 915 994 995
1808 3 0 915 995 916
1809 3 0 916 995 996
1810 3 0 916 996 917
1811 3 0 917 996 997
1812 3 0 917 997 918
1813 3 0 918 997 998
1814 3 0 918 998 919
1815 3 0 919 998 999
1816 3 0 919 999 920
1817 3 0 920 999 1000
1818 3 0 920 1000 921
1819 3 0 921 1000 1001
1820 3 0 921 1001 922
1821 3 0 922 1001 1002
1822 3 0 922 1002 923
1823 3 0 923 1002 1003
1824 3 0 923 1003 924
1825 3 0 924 1003 1004
1826 3 0 924 1004 925
1827 3 0 925 1004 1005
1828 3 0 925 1005 926
1829 3 0 926 1005 1006
1830 3 0 926 1006 927
1831 3 0 927 1006 1007
1832 3 0 927 1007 928
1833 3 0 928 1007 1008
1834 3 0 928 1008 929
1835 3 0 929 1008 1009
1836 3 0 929 1009 930
1837 3 0 930 1009 1010
1838 3 0 930 1010 931
1839 3 0 931 1010 1011
1840 3 0 931 1011 932
1841 3 0 932 1011 1012
1842 3 0 932 1012 933
1843 3 0 933 1012 1013
1844 3 0 933 1013 934
1845 3 0 934 1013 1014
1846 3 0 934 1014 935
1847 3 0 935 1014 1015
1848 3 0 935 1015 936
1849 3 0 936 1015 1016
1850 3 0 936 1016 937
1851 3 0 937 1016 1017
1852 3 0 937 1017 938
1853 3 0 938 1017 1018
1854 3 0 938 1018 939
1855 3 0 939 1018 1019
1856 3 0 939 1019 940
1857 3 0 940 1019 1020
1858 3 0 940 1020 941
1859 3 0 941 1020 1021
1860 3 0 941 1021 942
1861 3 0 942 1021 1022
1862 3 0 942 1022 943
1863 3 0 943 1022 1023
1864 3 0 943 1023 944
1865 3 0 944 1023 1024
1866 3 0 944 1024 945
1867 3 0 945 1024 1025
1868 3 0 945 1025 946
1869 3 0 946 1025 1026
1870 3 0 946 1026 947
1871 3 0 947 1026 1027
1872 3 0 947 1027 948
1873 3 0 948 1027 1028
1874 3 0 948 1028 949
1875 3 0 949 1028 1029
1876 3 0 949 1029 950
1877 3 0 950 1029 1030
1878 3 0 950 1030 951
1879 3 0 951 1030 1031
1880 3 0 951 1031 952
1881 3 0 952 1031 1032
1882 3 0 952 1032 953
1883 3 0 953 1032 1033
1884 3 0 953 1033 954
1885 3 0 954 1033 1034
1886 3 0 954 1034 955
1887 3 0 955 1034 1035
1888 3 0 955 1035 956
1889 3 0 956 1035 1036
1890 3 0 956 1036 957
1891 3 0 957 1036 1037
1892 3 0 957 1037 958
1893 3 0 958 1037 1038
1894 3 0 958 1038 959
1895 3 0 959 1038 1039
1896 3 0 960 1040 961
1897 3 0 961 1040 1041
1898 3 0 961 1041 962
1899 3 0 962 1041 1042
1900 3 0 962 1042 963
1901 3 0 963 1042 1043
1902 3 0 963 1043 964
1903 3 0 964 1043 1044
1904 3 0 964 1044 965
1905 3 0 965 1044 1045
1906 3 0 965 1045 966
1907 3 0 966 1045 1046
1908 3 0 966 1046 967
1909 3 0 967 1046 1047
1910 3 0 967 1047 968
1911 3 0 968 1047 1048
1912 3 0 968 1048 969
1913 3 0 969 1048 1049
1914 3 0 969 1049 970
1915 3 0 970 1049 1050
1916 3 0 970 1050 971
1917 3 0 971 1050 1051
1918 3 0 971 1051 972
1919 3 0 972 1051 1052
1920 3 0 972 1052 973
1921 3 0 973 1052 1053
1922 3 0 973 1053 974
1923 3 0 974 1053 1054
1924 3 0 974 1054 975
1925 3 0 975 1054 1055
1926 3 0 975 1055 976
1927 3 0 976 1055 1056
1928 3 0 976 1056 977
1929 3 0 977 1056 1057
1930 3 0 977 1057 978
1931 3 0 978 1057 1058
1932 3 0 978 1058 979
1933 3 0 979 1058 1059
1934 3 0 979 1059 980
1935 3 0 980 1059 1060
1936 3 0 980 1060 981
1937 3 0 981 1060 1061
1938 3 0 981 1061 982
1939 3 0 982 1061 1062
1940 3 0 982 1062 983
1941 3 0 983 1062 1063
1942 3 0 983 1063 984
1943 3 0 984 1063 1064
1944 3 0 984 1064 985
1945 3 0 985 1064 1065
1946 3 0 985 1065 986
1947 3 0 986 1065 1066
1948 3 0 986 1066 987
1949 3 0 987 1066 1067
1950 3 0 987 1067 988
1951 3 0 988 1067 1068
1952 3 0 988 1068 989
1953 3 0 989 1068 1069
1954 3 0 989 1069 990
1955 3 0 990 1069 1070
1956 3 0 990 1070 991
1957 3 0 991 1070 1071
1958 3 0 991 1071 992
1959 3 0 992 1071 1072
1960 3 0 992 1072 993
1961 3 0 993 1072 1073
1962 3 0 993 1073 994
1963 3 0 994 1073 1074
1964 3 0 994 1074 995
1965 3 0 995 1074 1075
1966 3 0 995 1075 996
1967 3 0 996 1075 1076
1968 3 0 996 1076 997
1969 3 0 997 1076 1077
1970 3 0 997 1077 998
1971 3 0 998 1077 1078
1972 3 0 998 1078 999
1973 3 0 999 1078 1079
1974 3 0 999 1079 1000
1975 3 0 1000 1079 1080
1976 3 0 1000 1080 1001
1977 3 0 1001 1080 1081
1978 3 0 1001 1081 1002
1979 3 0 1002 1081 1082
1980 3 0 1002 1082 1003
1981 3 0 1003 1082 1083
1982 3 0 1003 1083 1004
1983 3 0 1004 1083 1084
1984 3 0 1004 1084 1005
1985 3 0 1005 1084 1085
1986 3 0 1005 1085 1006
1987 3 0 1006 1085 1086
1988 3 0 1006 1086 1007
1989 3 0 1007 1086 1087
1990 3 0 1007 1087 1008
1991 3 0 1008 1087 1088
1992 3 0 1008 1088 1009
1993 3 0 1009 1088 1089
1994 3 0 1009 1089 1010
1995 3 0 1010 1089 1090
1996 3 0 1010 1090 1011
1997 3 0 1011 1090 1091
1998 3 0 1011 1091 1012
1999 3 0 1012 1091 1092
2000 3 0 1012 1092 1013
2001 3 0 1013 1092 1093
2002 3 0 1013 1093 1014
2003 3 0 1014 1093 1094
2004 3 0 1014 1094 1015
2005 3 0 1015 1094 1095
2006 3 0 1015 1095 1016
2007 3 0 1016 1095 1096
2008 3 0 1016 1096 1017
2009 3 0 1017 1096 1097
2010 3 0 1017 1097 1018
2011 3 0 1018 1097 1098
2012 3 0 1018 1098 1019
2013 3 0 1019 1098 1099
2014 3 0 1019 1099 1020
2015 3 0 1020 1099 1100
2016 3 0 1020 1100 1021
2017 3 0 1021 1100 1101
2018 3 0 1021 1101 1022
2019 3 0 1022 1101 1102
2020 3 0 1022 1102 1023
2021 3 0 1023 1102 1103
2022 3 0 1023 1103 1024
2023 3 0 1024 1103 1104
2024 3 0 1024 1104 1025
2025 3 0 1025 1104 1105
2026 3 0 1025 1105 1026
2027 3 0 1026 1105 1106
2028 3 0 1026 1106 1027
2029 3 0 1027 1106 1107
2030 3 0 1027 1107 1028
2031 3 0 1028 1107 1108
2032 3 0 1028 1108 1029
2033 3 0 1029 1108 1109
2034 3 0 1029 1109 1030
2035 3 0 1030 1109 1110
2036 3 0 1030 1110 1031
2037 3 0 1031 1110 1111
2038 3 0 1031 1111 1032
2039 3 0 1032 1111 1112
2040 3 0 1032 1112 1033
2041 3 0 1033 1112 1113
2042 3 0 1033 1113 1034
2043 3 0 1034 1113 1114
2044 3 0 1034 1114 1035
2045 3 0 1035 1114 1115
2046 3 0 1035 1115 1036
2047 3 0 1036 1115 1116
2048 3 0 1036 1116 1037
2049 3 0 1037 1116 1117
2050 3 0 1037 1117 1038
2051 3 0 1038 1117 1118
2052 3 0 1038 1118 1039
2053 3 0 1039 1118 1119
2054 3 0 1040 1120 1041
2055 3 0 1041 1120 1121
2056 3 0 1041 1121 1042
2057 3 0 1042 1121 1122
2058 3 0 1042 1122 1043
2059 3 0 1043 1122 1123
2060 3 0 1043 1123 1044
2061 3 0 1044 1123 1124
2062 3 0 1044 1124 1045
2063 3 0 1045 1124 1125
2064 3 0 1045 1125 1046
2065 3 0 1046 1125 1126
2066 3 0 1046 1126 1047
2067 3 0 1047 1126 1127
2068 3 0 1047 1127 1048
2069 3 0 1048 1127 1128
2070 3 0 1048 1128 1049
2071 3 0 1049 1128 1129
2072 3 0 1049 1129 1050
2073 3 0 1050 1129 1130
2074 3 0 1050 1130 1051
2075 3 0 1051 1130 1131
2076 3 0 1051 1131 1052
2077 3 0 1052 1131 1132
2078 3 0 1052 1132 1053
2079 3 0 1053 1132 1133
2080 3 0 1053 1133 1054
2081 3 0 1054 1133 1134
2082 3 0 1054 1134 1055
2083 3 0 1055 1134 1135
2084 3 0 1055 1135 1056
2085 3 0 1056 1135 1136
2086 3 0 1056 1136 1057
2087 3 0 1057 1136 1137
2088 3 0 1057 1137 1058
2089 3 0 1058 1137 1138
2090 3 0 1058 1138 1059
2091 3 0 1059 1138 1139
2092 3 0 1059 1139 1060
2093 3 0 1060 1139 1140
2094 3 0 1060 1140 1061
2095 3 0 1061 1140 1141
2096 3 0 1061 1141 1062
2097 3 0 1062 1141 1142
2098 3 0 1062 1142 1063
2099 3 0 1063 1142 1143
2100 3 0 1063 1143 1064
2101 3 0 1064 1143 1144
2102 3 0 1064 1144 1065
2103 3 0 1065 1144 1145
2104 3 0 1065 1145 1066
2105 3 0 1066 1145 1146
2106 3 0 1066 1146 1067
2107 3 0 1067 1146 1147
2108 3 0 1067 1147 1068
2109 3 0 1068 1147 1148
2110 3 0 1068 1148 1069
2111 3 0 1069 1148 1149
2112 3 0 1069 1149 1070
2113 3 0 1070 1149 1150
2114 3 0 1070 1150 1071
2115 3 0 1071 1150 1151
2116 3 0 1071 1151 1072
2117 3 0 1072 1151 1152
2118 3 0 1072 1152 1073
2119 3 0 1073 1152 1153
2120 3 0 1073 1153 1074
2121 3 0 1074 1153 1154
2122 3 0 1074 1154 1075
2123 3 0 1075 1154 1155
2124 3 0 1075 1155 1076
2125 3 0 1076 1155 1156
2126 3 0 1076 1156 1077
2127 3 0 1077 1156 1157
2128 3 0 1077 1157 1078
2129 3 0 1078 1157 1158
2130 3 0 1078 1158 1079
2131 3 0 1079 1158 1159
2132 3 0 1079 1159 1080
2133 3 0 1080 1159 1160
2134 3 0 1080 1160 1081
2135 3 0 1081 1160 1161
2136 3 0 1081 1161 1082
2137 3 0 1082 1161 1162
2138 3 0 1082 1162 1083
2139 3 0 1083 1162 1163
2140 3 0 1083 1163 1084
2141 3 0 1084 1163 1164
2142 3 0 1084 1164 1085
2143 3 0 1085 1164 1165
2144 3 0 1085 1165 1086
2145 3 0 1086 1165 1166
2146 3 0 1086 1166 1087
2147 3 0 1087 1166 1167
2148 3 0 1087 1167 1088
2149 3 0 1088 1167 1168
2150 3 0 1088 1168 1089
2151 3 0 1089 1168 1169
2152 3 0 1089 1169 1090
2153 3 0 1090 1169 1170
2154 3 0 1090 1170 1091
2155 3 0 1091 1170 1171
2156 3 0 1091 1171 1092
2157 3 0 1092 1171 1172
2158 3 0 1092 1172 1093
2159 3 0 1093 1172 1173
2160 3 0 1093 1173 1094
2161 3 0 1094 1173 1174
2162 3 0 1094 1174 1095
2163 3 0 1095 1174 1175
2164 3 0 1095 1175 1096
2165 3 0 1096 1175 1176
2166 3 0 1096 1176 1097
2167 3 0 1097 1176 1177
2168 3 0 1097 1177 1098
2169 3 0 1098 1177 1178
2170 3 0 1098 1178 1099
2171 3 0 1099 1178 1179
2172 3 0 1099 1179 1100
2173 3 0 1100 1179 1180
2174 3 0 1100 1180 1101
2175 3 0 1101 1180 1181
2176 3 0 1101 1181 1102
2177 3 0 1102 1181 1182
2178 3 0 1102 1182 1103
2179 3 0 1103 1182 1183
2180 3 0 1103 1183 1104
2181 3 0 1104 1183 1184
2182 3 0 1104 1184 1105
2183 3 0 1105 1184 1185
2184 3 0 1105 1185 1106
2185 3 0 1106 1185 1186
2186 3 0 1106 1186 1107
2187 3 0 1107 1186 1187
2188 3 0 1107 1187 1108
2189 3 0 1108 1187 1188
2190 3 0 1108 1188 1109
2191 3 0 1109 1188 1189
2192 3 0 1109 1189 1110
2193 3 0 1110 1189 1190
2194 3 0 1110 1190 1111
2195 3 0 1111 1190 1191
2196 3 0 1111 1191 1112
2197 3 0 1112 1191 1192
2198 3 0 1112 1192 1113
2199 3 0 1113 1192 1193
2200 3 0 1113 1193 1114
2201 3 0 1114 1193 1194
2202 3 0 1114 1194 1115
2203 3 0 1115 1194 1195
2204 3 0 1115 1195 1116
2205 3 0 1116 1195 1196
2206 3 0 1116 1196 1117
2207 3 0 1117 1196 1197
2208 3 0 1117 1197 1118
2209 3 0 1118 1197 1198
2210 3 0 1118 1198 1119
2211 3 0 1119 1198 1199
