0 11.859042 -596.347726
1 47.417415 -1191.752505
2 94.759853 -1188.925151
3 141.952456 -1184.217862
4 188.920603 -1177.638081
5 235.590028 -1169.196212
6 281.886937 -1158.905604
7 327.738125 -1146.782527
8 373.071091 -1132.846152
9 417.814155 -1117.118514
10 461.896569 -1099.624483
11 505.248630 -1080.391719
12 547.801788 -1059.450633
13 589.488760 -1036.834338
14 630.243628 -1012.578596
15 670.001952 -986.721758
16 708.700865 -959.304710
17 746.279177 -930.370804
18 782.677467 -899.965791
19 817.838184 -868.137747
20 851.705730 -834.936999
21 884.226555 -800.416044
22 915.349235 -764.629466
23 945.024561 -727.633853
24 973.205608 -689.487700
25 999.847817 -650.251326
26 1024.909061 -609.986770
27 1048.349713 -568.757701
28 1070.132709 -526.629308
29 1090.223605 -483.668206
30 1108.590634 -439.942326
31 1125.204753 -395.520806
32 1140.039692 -350.473886
33 1153.071993 -304.872795
34 1164.281051 -258.789638
35 1173.649142 -212.297281
36 1181.161452 -165.469238
37 1186.806102 -118.379555
38 1190.574169 -71.102689
39 1192.459693 -23.713395
40 1192.459693 23.713395
41 1190.574169 71.102689
42 1186.806102 118.379555
43 1181.161452 165.469238
44 1173.649142 212.297281
45 1164.281051 258.789638
46 1153.071993 304.872795
47 1140.039692 350.473886
48 1125.204753 395.520806
49 1108.590634 439.942326
50 1090.223605 483.668206
51 1070.132709 526.629308
52 1048.349713 568.757701
53 1024.909061 609.986770
54 999.847817 650.251326
55 973.205608 689.487700
56 945.024561 727.633853
57 915.349235 764.629466
58 884.226555 800.416044
59 851.705730 834.936999
60 817.838184 868.137747
61 782.677467 899.965791
62 746.279177 930.370804
63 708.700865 959.304710
64 670.001952 986.721758
65 630.243628 1012.578596
66 589.488760 1036.834338
67 547.801788 1059.450633
68 505.248630 1080.391719
69 461.896569 1099.624483
70 417.814155 1117.118514
71 373.071091 1132.846152
72 327.738125 1146.782527
73 281.886937 1158.905604
74 235.590028 1169.196212
75 188.920603 1177.638081
76 141.952456 1184.217862
77 94.759853 1188.925151
78 47.417415 1191.752505
79 11.859042 596.347726
