0 0.00000000 -300.00000000 -1 0
1 11.91518976 -299.46713270 0 0
2 23.74156876 -297.87876780 0 0
3 35.39348227 -295.26501347 0 0
4 46.79132726 -291.67410977 0 0
5 57.86396511 -287.16974679 0 0
6 68.55049612 -281.82772457 0 0
7 78.80132329 -275.73228095 0 0
8 88.57851424 -268.97240627 0 0
9 97.85553834 -261.63841582 0 0
10 106.61650138 -253.81897816 0 0
11 114.85502176 -245.59871528 0 0
12 122.57289199 -237.05641488 0 0
13 129.77865322 -228.26383338 0 0
14 136.48618572 -219.28502569 0 0
15 142.71338969 -210.17611403 0 0
16 148.48100399 -200.98539940 0 0
17 153.81158730 -191.75372259 0 0
18 158.72866823 -182.51499181 0 0
19 163.25605835 -173.29680803 0 0
20 167.41731424 -164.12113364 0 0
21 171.23533004 -155.00496421 0 0
22 174.73204080 -145.96097532 0 0
23 177.92821700 -136.99812622 0 0
24 180.84333222 -128.12220995 0 0
25 183.49548792 -119.33634527 0 0
26 185.90138177 -110.64140985 0 0
27 188.07630794 -102.03641693 0 0
28 190.03418021 -93.51883925 0 0
29 191.78757037 -85.08488504 0 0
30 193.34775617 -76.72973132 0 0
31 194.72477406 -68.44771969 0 0
32 195.92747364 -60.23251959 0 0
33 196.96357090 -52.07726383 0 0
34 197.83969856 -43.97466047 0 0
35 198.56145199 -35.91708529 0 0
36 199.13342984 -27.89665789 0 0
37 199.55926865 -19.90530492 0 0
38 199.84167093 -11.93481305 0 0
39 199.98242642 -3.97687424 0 0
40 199.98242642 3.97687424 0 0
41 199.84167093 11.93481305 0 0
42 199.55926865 19.90530492 0 0
43 199.13342984 27.89665789 0 0
44 198.56145199 35.91708529 0 0
45 197.83969856 43.97466047 0 0
46 196.96357090 52.07726383 0 0
47 195.92747364 60.23251959 0 0
48 194.72477406 68.44771969 0 0
49 193.34775617 76.72973132 0 0
50 191.78757037 85.08488504 0 0
51 190.03418021 93.51883925 0 0
52 188.07630794 102.03641693 0 0
53 185.90138177 110.64140985 0 0
54 183.49548792 119.33634527 0 0
55 180.84333222 128.12220995 0 0
56 177.92821700 136.99812622 0 0
57 174.73204080 145.96097532 0 0
58 171.23533004 155.00496421 0 0
59 167.41731424 164.12113364 0 0
60 163.25605835 173.29680803 0 0
61 158.72866823 182.51499181 0 0
62 153.81158730 191.75372259 0 0
63 148.48100399 200.98539940 0 0
64 142.71338969 210.17611403 0 0
65 136.48618572 219.28502569 0 0
66 129.77865322 228.26383338 0 0
67 122.57289199 237.05641488 0 0
68 114.85502176 245.59871528 0 0
69 106.61650138 253.81897816 0 0
70 97.85553834 261.63841582 0 0
71 88.57851424 268.97240627 0 0
72 78.80132329 275.73228095 0 0
73 68.55049612 281.82772457 0 0
74 57.86396511 287.16974679 0 0
75 46.79132726 291.67410977 0 0
76 35.39348227 295.26501347 0 0
77 23.74156876 297.87876780 0 0
78 11.91518976 299.46713270 0 0
79 0.00000000 300.00000000 -1 0
80 0.00000000 -302.85714286 -1 0
81 12.02880224 -302.32258052 0 0
82 23.96874807 -300.72912248 0 0
83 35.73413422 -298.10685314 0 0
84 47.24530339 -294.50397353 0 0
85 58.43105420 -289.98412061 0 0
86 69.23041316 -284.62302850 0 0
87 79.59369605 -278.50485810 0 0
88 89.48286773 -271.71851392 0 0
89 98.87127745 -264.35421890 0 0
90 107.74289199 -256.50054537 0 0
91 116.09117074 -248.24201809 0 0
92 123.91772646 -239.65732960 0 0
93 131.23089945 -230.81814629 0 0
94 138.04434809 -221.78844149 0 0
95 144.37573021 -212.62426744 0 0
96 150.24552275 -203.37386997 0 0
97 155.67600425 -194.07805261 0 0
98 160.69040676 -184.77070715 0 0
99 165.31223105 -175.47944168 0 0
100 169.56471118 -166.22625175 0 0
101 173.47040990 -157.02819430 0 0
102 177.05092519 -147.89803635 0 0
103 180.32668819 -138.84486006 0 0
104 183.31683449 -129.87461394 0 0
105 186.03913269 -120.99060540 0 0
106 188.50995661 -112.19393407 0 0
107 190.74428952 -103.48386815 0 0
108 192.75575117 -94.85816757 0 0
109 194.55664007 -86.31335869 0 0
110 196.15798507 -77.84496592 0 0
111 197.56960177 -69.44770529 0 0
112 198.80015022 -61.11564510 0 0
113 199.85719115 -52.84233842 0 0
114 200.74723902 -44.62093170 0 0
115 201.47581027 -36.44425335 0 0
116 202.04746579 -28.30488600 0 0
117 202.46584696 -20.19522544 0 0
118 202.73370464 -12.10752918 0 0
119 202.85292096 -4.03395724 0 0
120 202.82452345 4.03339252 0 0
121 202.64869165 12.10245209 0 0
122 202.32475596 20.18115213 0 0
123 201.85118881 28.27738951 0 0
124 201.22558824 36.39899156 0 0
125 200.44465392 44.55367484 0 0
126 199.50415601 52.74899576 0 0
127 198.39889706 60.99229083 0 0
128 197.12266743 69.29060337 0 0
129 195.66819521 77.65059365 0 0
130 194.02709131 86.07842899 0 0
131 192.18979149 94.57964981 0 0
132 190.14549709 103.15900727 0 0
133 187.88211719 111.82026800 0 0
134 185.38621568 120.56598063 0 0
135 182.64296785 129.39719914 0 0
136 179.63613232 138.31315765 0 0
137 176.34804600 147.31089199 0 0
138 172.75965122 156.38480416 0 0
139 168.85056666 165.52616760 0 0
140 164.59921574 174.72257374 0 0
141 159.98302857 183.95732462 0 0
142 154.97873545 193.20878203 0 0
143 149.56277170 202.44969120 0 0
144 143.71181349 211.64650749 0 0
145 137.40346319 220.75876613 0 0
146 130.61709825 229.73854952 0 0
147 123.33488961 238.53012103 0 0
148 115.54298312 247.06980835 0 0
149 107.23281942 255.28622960 0 0
150 98.40254478 263.10095846 0 0
151 89.05843843 270.42971637 0 0
152 79.21625349 277.18415570 0 0
153 68.90234367 283.27425520 0 0
154 58.15443193 288.61128786 0 0
155 47.02187724 293.11124487 0 0
156 35.56531676 296.69851789 0 0
157 23.85560662 299.30956867 0 0
158 11.97205212 300.89626706 0 0
159 0.00000000 301.42857143 -1 0
160 0.00000000 -305.71428571 -1 0
161 12.14241472 -305.17802833 0 0
162 24.19592737 -303.57947717 0 0
163 36.07478616 -300.94869280 0 0
164 47.69927951 -297.33383730 0 0
165 58.99814328 -292.79849444 0 0
166 69.91033019 -287.41833243 0 0
167 80.38606881 -281.27743526 0 0
168 90.38722123 -274.46462157 0 0
169 99.88701656 -267.07002197 0 0
170 108.86928260 -259.18211257 0 0
171 117.32731973 -250.88532091 0 0
172 125.26256094 -242.25824432 0 0
173 132.68314567 -233.37245921 0 0
174 139.60251045 -224.29185729 0 0
175 146.03807073 -215.07242085 0 0
176 152.01004151 -205.76234054 0 0
177 157.54042120 -196.40238263 0 0
178 162.65214529 -187.02642248 0 0
179 167.36840376 -177.66207533 0 0
180 171.71210812 -168.33136986 0 0
181 175.70548975 -159.05142440 0 0
182 179.36980958 -149.83509738 0 0
183 182.72515938 -140.69159389 0 0
184 185.79033676 -131.62701793 0 0
185 188.58277746 -122.64486553 0 0
186 191.11853144 -113.74645829 0 0
187 193.41227110 -104.93131937 0 0
188 195.47732214 -96.19749588 0 0
189 197.32570977 -87.54183234 0 0
190 198.96821397 -78.96020053 0 0
191 200.41442949 -70.44769089 0 0
192 201.67282680 -61.99877060 0 0
193 202.75081139 -53.60741302 0 0
194 203.65477948 -45.26720293 0 0
195 204.39016856 -36.97142141 0 0
196 204.96150175 -28.71311412 0 0
197 205.37242526 -20.48514597 0 0
198 205.62573836 -12.28024532 0 0
199 205.72341549 -4.09104023 0 0
200 205.66662047 4.08991080 0 0
201 205.45571237 12.27009114 0 0
202 205.09024327 20.45699935 0 0
203 204.56894779 28.65812112 0 0
204 203.88972449 36.88089784 0 0
205 203.04960927 45.13268920 0 0
206 202.04474112 53.42072770 0 0
207 200.87032047 61.75206207 0 0
208 199.52056081 70.13348704 0 0
209 197.98863426 78.57145597 0 0
210 196.26661225 87.07197295 0 0
211 194.34540277 95.64046037 0 0
212 192.21468623 104.28159761 0 0
213 189.86285260 112.99912614 0 0
214 187.27694344 121.79561599 0 0
215 184.44260347 130.67218833 0 0
216 181.34404763 139.62818908 0 0
217 177.96405120 148.66080866 0 0
218 174.28397240 157.76464411 0 0
219 170.28381907 166.93120156 0 0
220 165.94237313 176.14833944 0 0
221 161.23738891 185.39965744 0 0
222 156.14588361 194.66384147 0 0
223 150.64453942 203.91398300 0 0
224 144.71023729 213.11690095 0 0
225 138.32074065 222.23250658 0 0
226 131.45554327 231.21326567 0 0
227 124.09688723 240.00382718 0 0
228 116.23094449 248.54090143 0 0
229 107.84913746 256.75348103 0 0
230 98.94955121 264.56350109 0 0
231 89.53836262 271.88702648 0 0
232 79.63118369 278.63603045 0 0
233 69.25419121 284.72078584 0 0
234 58.44489875 290.05282894 0 0
235 47.25242722 294.54837997 0 0
236 35.73715125 298.13202232 0 0
237 23.96964448 300.74036954 0 0
238 12.02891448 302.32540142 0 0
239 0.00000000 302.85714286 -1 0
240 0.00000000 -308.57142857 -1 0
241 12.25602719 -308.03347615 0 0
242 24.42310668 -306.42983186 0 0
243 36.41543811 -303.79053247 0 0
244 48.15325564 -300.16370107 0 0
245 59.56523237 -295.61286827 0 0
246 70.59024723 -290.21363636 0 0
247 81.17844157 -284.05001241 0 0
248 91.29157472 -277.21072922 0 0
249 100.90275568 -269.78582505 0 0
250 109.99567321 -261.86367977 0 0
251 118.56346871 -253.52862372 0 0
252 126.60739541 -244.85915904 0 0
253 134.13539190 -235.92677213 0 0
254 141.16067282 -226.79527310 0 0
255 147.70041125 -217.52057425 0 0
256 153.77456027 -208.15081111 0 0
257 159.40483814 -198.72671265 0 0
258 164.61388382 -189.28213782 0 0
259 169.42457646 -179.84470898 0 0
260 173.85950505 -170.43648797 0 0
261 177.94056961 -161.07465449 0 0
262 181.68869397 -151.77215841 0 0
263 185.12363057 -142.53832773 0 0
264 188.26383903 -133.37942192 0 0
265 191.12642222 -124.29912566 0 0
266 193.72710628 -115.29898250 0 0
267 196.08025268 -106.37877058 0 0
268 198.19889311 -97.53682419 0 0
269 200.09477946 -88.77030599 0 0
270 201.77844287 -80.07543513 0 0
271 203.25925721 -71.44767649 0 0
272 204.54550338 -62.88189610 0 0
273 205.64443163 -54.37248762 0 0
274 206.56231994 -45.91347415 0 0
275 207.30452684 -37.49858947 0 0
276 207.87553770 -29.12134223 0 0
277 208.27900357 -20.77506649 0 0
278 208.51777207 -12.45296146 0 0
279 208.59391003 -4.14812323 0 0
280 208.50871750 4.14642908 0 0
281 208.26273309 12.43773019 0 0
282 207.85573058 20.73284656 0 0
283 207.28670677 29.03885274 0 0
284 206.55386074 37.36280411 0 0
285 205.65456462 45.71170357 0 0
286 204.58532623 54.09245964 0 0
287 203.34174389 62.51183331 0 0
288 201.91845419 70.97637072 0 0
289 200.30907331 79.49231830 0 0
290 198.50613319 88.06551691 0 0
291 196.50101406 96.70127093 0 0
292 194.28387538 105.40418795 0 0
293 191.84358801 114.17798429 0 0
294 189.16767120 123.02525135 0 0
295 186.24223910 131.94717752 0 0
296 183.05196295 140.94322051 0 0
297 179.58005639 150.01072533 0 0
298 175.80829357 159.14448406 0 0
299 171.71707149 168.33623551 0 0
300 167.28553052 177.57410514 0 0
301 162.49174925 186.84199025 0 0
302 157.31303176 196.11890092 0 0
303 151.72630714 205.37827480 0 0
304 145.70866109 214.58729442 0 0
305 139.23801812 223.70624703 0 0
306 132.29398830 232.68798182 0 0
307 124.85888486 241.47753333 0 0
308 116.91890585 250.01199450 0 0
309 108.46545549 258.22073247 0 0
310 99.49655764 266.02604372 0 0
311 90.01828681 273.34433658 0 0
312 80.04611390 280.08790520 0 0
313 69.60603876 286.16731648 0 0
314 58.73536556 291.49437001 0 0
315 47.48297719 295.98551507 0 0
316 35.90898574 299.56552674 0 0
317 24.08368234 302.17117041 0 0
318 12.08577684 303.75453578 0 0
319 0.00000000 304.28571429 -1 0
320 0.00000000 -311.42857143 -1 0
321 12.36963967 -310.88892397 0 0
322 24.65028598 -309.28018655 0 0
323 36.75609006 -306.63237214 0 0
324 48.60723176 -302.99356484 0 0
325 60.13232145 -298.42724210 0 0
326 71.27016427 -293.00894030 0 0
327 81.97081433 -286.82258956 0 0
328 92.19592822 -279.95683687 0 0
329 101.91849479 -272.50162812 0 0
330 111.12206381 -264.54524697 0 0
331 119.79961769 -256.17192654 0 0
332 127.95222989 -247.46007376 0 0
333 135.58763812 -238.48108505 0 0
334 142.71883519 -229.29868890 0 0
335 149.36275178 -219.96872766 0 0
336 155.53907903 -210.53928167 0 0
337 161.26925509 -201.05104267 0 0
338 166.57562235 -191.53785316 0 0
339 171.48074916 -182.02734262 0 0
340 176.00690199 -172.54160607 0 0
341 180.17564947 -163.09788459 0 0
342 184.00757836 -153.70921944 0 0
343 187.52210177 -144.38506157 0 0
344 190.73734130 -135.13182591 0 0
345 193.67006699 -125.95338580 0 0
346 196.33568111 -116.85150672 0 0
347 198.74823426 -107.82622180 0 0
348 200.92046408 -98.87615250 0 0
349 202.86384916 -89.99877964 0 0
350 204.58867177 -81.19066974 0 0
351 206.10408493 -72.44766209 0 0
352 207.41817996 -63.76502160 0 0
353 208.53805187 -55.13756222 0 0
354 209.46986040 -46.55974538 0 0
355 210.21888513 -38.02575753 0 0
356 210.78957366 -29.52957034 0 0
357 211.18558188 -21.06498701 0 0
358 211.40980579 -12.62567760 0 0
359 211.46440457 -4.20520622 0 0
360 211.35081453 4.20294736 0 0
361 211.06975381 12.60536924 0 0
362 210.62121788 21.00869377 0 0
363 210.00446574 29.41958435 0 0
364 209.21799699 37.84471038 0 0
365 208.25951998 46.29071793 0 0
366 207.12591134 54.76419157 0 0
367 205.81316731 63.27160455 0 0
368 204.31634757 71.81925440 0 0
369 202.62951236 80.41318063 0 0
370 200.74565413 89.05906087 0 0
371 198.65662534 97.76208149 0 0
372 196.35306452 106.52677829 0 0
373 193.82432342 115.35684244 0 0
374 191.05839895 124.25488671 0 0
375 188.04187473 133.22216671 0 0
376 184.75987826 142.25825194 0 0
377 181.19606159 151.36064200 0 0
378 177.33261475 160.52432402 0 0
379 173.15032391 169.74126947 0 0
380 168.62868791 178.99987084 0 0
381 163.74610959 188.28432307 0 0
382 158.48017991 197.57396036 0 0
383 152.80807485 206.84256660 0 0
384 146.70708490 216.05768788 0 0
385 140.15529558 225.17998748 0 0
386 133.13243332 234.16269796 0 0
387 125.62088248 242.95123948 0 0
388 117.60686721 251.48308757 0 0
389 109.08177353 259.68798390 0 0
390 100.04356407 267.48858635 0 0
391 90.49821099 274.80164668 0 0
392 80.46104410 281.53977995 0 0
393 69.95788630 287.61384712 0 0
394 59.02583238 292.93591109 0 0
395 47.71352717 297.42265017 0 0
396 36.08082023 300.99903117 0 0
397 24.19772020 303.60197128 0 0
398 12.14263919 305.18367014 0 0
399 0.00000000 305.71428571 -1 0
400 0.00000000 -314.28571429 -1 0
401 12.48325215 -313.74437178 0 0
402 24.87746529 -312.13054123 0 0
403 37.09674201 -309.47421181 0 0
404 49.06120788 -305.82342860 0 0
405 60.69941054 -301.24161593 0 0
406 71.95008131 -295.80424423 0 0
407 82.76318709 -289.59516671 0 0
408 93.10028171 -282.70294452 0 0
409 102.93423390 -275.21743120 0 0
410 112.24845442 -267.22681418 0 0
411 121.03576668 -258.81522935 0 0
412 129.29706436 -250.06098848 0 0
413 137.03988435 -241.03539796 0 0
414 144.27699755 -231.80210471 0 0
415 151.02509230 -222.41688107 0 0
416 157.30359779 -212.92775224 0 0
417 163.13367204 -203.37537269 0 0
418 168.53736088 -193.79356850 0 0
419 173.53692186 -184.20997627 0 0
420 178.15429893 -174.64672418 0 0
421 182.41072932 -165.12111469 0 0
422 186.32646274 -155.64628047 0 0
423 189.92057296 -146.23179540 0 0
424 193.21084357 -136.88422991 0 0
425 196.21371175 -127.60764593 0 0
426 198.94425595 -118.40403094 0 0
427 201.41621583 -109.27367302 0 0
428 203.64203505 -100.21548082 0 0
429 205.63291886 -91.22725329 0 0
430 207.39890068 -82.30590435 0 0
431 208.94891265 -73.44764769 0 0
432 210.29085654 -64.64814710 0 0
433 211.43167212 -55.90263681 0 0
434 212.37740086 -47.20601660 0 0
435 213.13324341 -38.55292558 0 0
436 213.70360962 -29.93779845 0 0
437 214.09216018 -21.35490753 0 0
438 214.30183950 -12.79839374 0 0
439 214.33489911 -4.26228921 0 0
440 214.19291155 4.25946563 0 0
441 213.87677453 12.77300829 0 0
442 213.38670519 21.28454099 0 0
443 212.72222472 29.80031597 0 0
444 211.88213324 38.32661665 0 0
445 210.86447533 46.86973230 0 0
446 209.66649644 55.43592351 0 0
447 208.28459073 64.03137579 0 0
448 206.71424095 72.66213808 0 0
449 204.94995141 81.33404295 0 0
450 202.98517507 90.05260482 0 0
451 200.81223662 98.82289205 0 0
452 198.42225367 107.64936863 0 0
453 195.80505884 116.53570059 0 0
454 192.94912671 125.48452207 0 0
455 189.84151035 134.49715590 0 0
456 186.46779358 143.57328338 0 0
457 182.81206679 152.71055867 0 0
458 178.85693593 161.90416397 0 0
459 174.58357632 171.14630342 0 0
460 169.97184530 180.42563654 0 0
461 165.00046993 189.72665589 0 0
462 159.64732806 199.02901981 0 0
463 153.88984257 208.30685840 0 0
464 147.70550870 217.52808134 0 0
465 141.07257305 226.65372793 0 0
466 133.97087835 235.63741411 0 0
467 126.38288010 244.42494563 0 0
468 118.29482858 252.95418065 0 0
469 109.69809157 261.15523534 0 0
470 100.59057051 268.95112898 0 0
471 90.97813518 276.25895679 0 0
472 80.87597431 282.99165471 0 0
473 70.30973384 289.06037776 0 0
474 59.31629920 294.37745217 0 0
475 47.94407714 298.85978528 0 0
476 36.25265473 302.43253559 0 0
477 24.31175806 305.03277216 0 0
478 12.19950155 306.61280450 0 0
479 0.00000000 307.14285714 -1 0
480 0.00000000 -317.14285714 -1 0
481 12.59686462 -316.59981960 0 0
482 25.10464460 -314.98089592 0 0
483 37.43739395 -312.31605148 0 0
484 49.51518401 -308.65329237 0 0
485 61.26649962 -304.05598976 0 0
486 72.62999834 -298.59954816 0 0
487 83.55555985 -292.36774386 0 0
488 94.00463521 -285.44905217 0 0
489 103.94997301 -277.93323427 0 0
490 113.37484503 -269.90838138 0 0
491 122.27191566 -261.45853217 0 0
492 130.64189883 -252.66190320 0 0
493 138.49213057 -243.58971088 0 0
494 145.83515992 -234.30552051 0 0
495 152.68743282 -224.86503448 0 0
496 159.06811655 -215.31622281 0 0
497 164.99808899 -205.69970271 0 0
498 170.49909941 -196.04928384 0 0
499 175.59309456 -186.39260992 0 0
500 180.30169587 -176.75184229 0 0
501 184.64580918 -167.14434478 0 0
502 188.64534713 -157.58334150 0 0
503 192.31904415 -148.07852924 0 0
504 195.68434584 -138.63663390 0 0
505 198.75735652 -129.26190606 0 0
506 201.55283078 -119.95655516 0 0
507 204.08419741 -110.72112423 0 0
508 206.36360602 -101.55480913 0 0
509 208.40198855 -92.45572694 0 0
510 210.20912958 -83.42113895 0 0
511 211.79374037 -74.44763329 0 0
512 213.16353312 -65.53127260 0 0
513 214.32529236 -56.66771141 0 0
514 215.28494131 -47.85228783 0 0
515 216.04760170 -39.08009364 0 0
516 216.61764557 -30.34602656 0 0
517 216.99873849 -21.64482806 0 0
518 217.19387322 -12.97110988 0 0
519 217.20539365 -4.31937221 0 0
520 217.03500858 4.31598391 0 0
521 216.68379525 12.94064734 0 0
522 216.15219250 21.56038820 0 0
523 215.43998370 30.18104758 0 0
524 214.54626949 38.80852292 0 0
525 213.46943069 47.44874666 0 0
526 212.20708155 56.10765545 0 0
527 210.75601414 64.79114703 0 0
528 209.11213433 73.50502176 0 0
529 207.27039046 82.25490528 0 0
530 205.22469600 91.04614878 0 0
531 202.96784791 99.88370261 0 0
532 200.49144282 108.77195897 0 0
533 197.78579425 117.71455874 0 0
534 194.83985447 126.71415743 0 0
535 191.64114598 135.77214509 0 0
536 188.17570889 144.88831481 0 0
537 184.42807199 154.06047534 0 0
538 180.38125711 163.28400392 0 0
539 176.01682874 172.55133738 0 0
540 171.31500269 181.85140224 0 0
541 166.25483027 191.16898870 0 0
542 160.81447621 200.48407925 0 0
543 154.97161029 209.77115020 0 0
544 148.70393250 218.99847480 0 0
545 141.98985051 228.12746838 0 0
546 134.80932337 237.11213026 0 0
547 127.14487773 245.89865177 0 0
548 118.98278994 254.42527372 0 0
549 110.31440961 262.62248678 0 0
550 101.13757694 270.41367161 0 0
551 91.45805937 277.71626689 0 0
552 81.29090451 284.44352946 0 0
553 70.66158139 290.50690840 0 0
554 59.60676602 295.81899324 0 0
555 48.17462712 300.29692038 0 0
556 36.42448922 303.86604002 0 0
557 24.42579592 306.46357303 0 0
558 12.25636391 308.04193886 0 0
559 0.00000000 308.57142857 -1 0
560 0.00000000 -320.00000000 -1 0
561 12.71047710 -319.45526741 0 0
562 25.33182390 -317.83125061 0 0
563 37.77804590 -315.15789114 0 0
564 49.96916013 -311.48315614 0 0
565 61.83358871 -306.87036359 0 0
566 73.30991538 -301.39485210 0 0
567 84.34793261 -295.14032102 0 0
568 94.90898870 -288.19515982 0 0
569 104.96571212 -280.64903735 0 0
570 114.50123564 -272.58994858 0 0
571 123.50806465 -264.10183498 0 0
572 131.98673331 -255.26281792 0 0
573 139.94437680 -246.14402380 0 0
574 147.39332228 -236.80893631 0 0
575 154.34977334 -227.31318788 0 0
576 160.83263531 -217.70469337 0 0
577 166.86250593 -208.02403274 0 0
578 172.46083794 -198.30499918 0 0
579 177.64926727 -188.57524356 0 0
580 182.44909280 -178.85696040 0 0
581 186.88088904 -169.16757488 0 0
582 190.96423152 -159.52040253 0 0
583 194.71751534 -149.92526308 0 0
584 198.15784811 -140.38903789 0 0
585 201.30100129 -130.91616619 0 0
586 204.16140562 -121.50907938 0 0
587 206.75217899 -112.16857545 0 0
588 209.08517699 -102.89413744 0 0
589 211.17105825 -93.68420059 0 0
590 213.01935848 -84.53637356 0 0
591 214.63856809 -75.44761890 0 0
592 216.03620970 -66.41439811 0 0
593 217.21891260 -57.43278601 0 0
594 218.19248177 -48.49855905 0 0
595 218.96195998 -39.60726170 0 0
596 219.53168153 -30.75425468 0 0
597 219.90531679 -21.93474858 0 0
598 220.08590693 -13.14382602 0 0
599 220.07588819 -4.37645520 0 0
600 219.87710561 4.37250219 0 0
601 219.49081597 13.10828638 0 0
602 218.91767981 21.83623541 0 0
603 218.15774267 30.56177920 0 0
604 217.21040574 39.29042919 0 0
605 216.07438604 48.02776102 0 0
606 214.74766666 56.77938738 0 0
607 213.22743756 65.55091827 0 0
608 211.51002771 74.34790544 0 0
609 209.59082950 83.17576761 0 0
610 207.46421694 92.03969274 0 0
611 205.12345919 100.94451317 0 0
612 202.56063196 109.89454931 0 0
613 199.76652966 118.89341688 0 0
614 196.73058223 127.94379279 0 0
615 193.44078161 137.04713428 0 0
616 189.88362421 146.20334624 0 0
617 186.04407718 155.41039201 0 0
618 181.90557828 164.66384387 0 0
619 177.45008116 173.95637134 0 0
620 172.65816008 183.27716794 0 0
621 167.50919061 192.61132152 0 0
622 161.98162436 201.93913870 0 0
623 156.05337800 211.23544200 0 0
624 149.70235630 220.46886826 0 0
625 142.90712798 229.60120882 0 0
626 135.64776840 238.58684640 0 0
627 127.90687535 247.37235792 0 0
628 119.67075130 255.89636679 0 0
629 110.93072765 264.08973821 0 0
630 101.68458337 271.87621424 0 0
631 91.93798356 279.17357700 0 0
632 81.70583471 285.89540421 0 0
633 71.01342893 291.95343903 0 0
634 59.89723284 297.26053432 0 0
635 48.40517709 301.73405548 0 0
636 36.59632371 305.29954444 0 0
637 24.53983378 307.89437390 0 0
638 12.31322627 309.47107322 0 0
639 0.00000000 310.00000000 -1 0
640 0.00000000 -322.85714286 -1 0
641 12.82408958 -322.31071523 0 0
642 25.55900321 -320.68160530 0 0
643 38.11869785 -317.99973081 0 0
644 50.42313625 -314.31301990 0 0
645 62.40067779 -309.68473742 0 0
646 73.98983242 -304.19015603 0 0
647 85.14030537 -297.91289817 0 0
648 95.81334220 -290.94126747 0 0
649 105.98145123 -283.36484042 0 0
650 115.62762625 -275.27151579 0 0
651 124.74421363 -266.74513779 0 0
652 133.33156778 -257.86373264 0 0
653 141.39662302 -248.69833672 0 0
654 148.95148465 -239.31235212 0 0
655 156.01211387 -229.76134129 0 0
656 162.59715407 -220.09316394 0 0
657 168.72692288 -210.34836276 0 0
658 174.42257647 -200.56071452 0 0
659 179.70543997 -190.75787721 0 0
660 184.59648974 -180.96207851 0 0
661 189.11596889 -171.19080497 0 0
662 193.28311591 -161.45746356 0 0
663 197.11598653 -151.77199692 0 0
664 200.63135038 -142.14144188 0 0
665 203.84464605 -132.57042632 0 0
666 206.76998045 -123.06160360 0 0
667 209.42016057 -113.61602667 0 0
668 211.80674796 -104.23346575 0 0
669 213.94012795 -94.91267425 0 0
670 215.82958738 -85.65160816 0 0
671 217.48339581 -76.44760450 0 0
672 218.90888629 -67.29752361 0 0
673 220.11253284 -58.19786061 0 0
674 221.10002223 -49.14483028 0 0
675 221.87631827 -40.13442976 0 0
676 222.44571748 -31.16248279 0 0
677 222.81189510 -22.22466910 0 0
678 222.97794065 -13.31654215 0 0
679 222.94638272 -4.43353820 0 0
680 222.71920264 4.42902047 0 0
681 222.29783669 13.27592543 0 0
682 221.68316712 22.11208263 0 0
683 220.87550165 30.94251081 0 0
684 219.87454199 39.77233546 0 0
685 218.67934139 48.60677539 0 0
686 217.28825177 57.45111932 0 0
687 215.69886098 66.31068951 0 0
688 213.90792109 75.19078912 0 0
689 211.91126855 84.09662994 0 0
690 209.70373788 93.03323669 0 0
691 207.27907047 102.00532373 0 0
692 204.62982111 111.01713965 0 0
693 201.74726508 120.07227503 0 0
694 198.62130999 129.17342816 0 0
695 195.24041724 138.32212347 0 0
696 191.59153953 147.51837767 0 0
697 187.66008238 156.76030868 0 0
698 183.42989946 166.04368382 0 0
699 178.88333357 175.36140529 0 0
700 174.00131747 184.70293364 0 0
701 168.76355094 194.05365434 0 0
702 163.14877251 203.39419814 0 0
703 157.13514572 212.69973380 0 0
704 150.70078011 221.93926172 0 0
705 143.82440544 231.07494927 0 0
706 136.48621342 240.06156255 0 0
707 128.66887297 248.84606407 0 0
708 120.35871266 257.36745987 0 0
709 111.54704568 265.55698965 0 0
710 102.23158981 273.33875688 0 0
711 92.41790775 280.63088710 0 0
712 82.12076492 287.34727896 0 0
713 71.36527648 293.39996967 0 0
714 60.18769965 298.70207539 0 0
715 48.63572707 303.17119058 0 0
716 36.76815820 306.73304887 0 0
717 24.65387164 309.32517477 0 0
718 12.37008862 310.90020758 0 0
719 0.00000000 311.42857143 -1 0
720 0.00000000 -325.71428571 -1 0
721 12.93770205 -325.16616304 0 0
722 25.78618252 -323.53195999 0 0
723 38.45934980 -320.84157048 0 0
724 50.87711238 -317.14288367 0 0
725 62.96776688 -312.49911125 0 0
726 74.66974945 -306.98545996 0 0
727 85.93267813 -300.68547532 0 0
728 96.71769569 -293.68737512 0 0
729 106.99719034 -286.08064349 0 0
730 116.75401686 -277.95308299 0 0
731 125.98036261 -269.38844061 0 0
732 134.67640226 -260.46464736 0 0
733 142.84886925 -251.25264963 0 0
734 150.50964701 -241.81576792 0 0
735 157.67445439 -232.20949470 0 0
736 164.36167283 -222.48163451 0 0
737 170.59133983 -212.67269278 0 0
738 176.38431500 -202.81642986 0 0
739 181.76161267 -192.94051086 0 0
740 186.74388668 -183.06719661 0 0
741 191.35104875 -173.21403507 0 0
742 195.60200030 -163.39452459 0 0
743 199.51445772 -153.61873075 0 0
744 203.10485265 -143.89384587 0 0
745 206.38829082 -134.22468645 0 0
746 209.37855529 -124.61412781 0 0
747 212.08814215 -115.06347788 0 0
748 214.52831893 -105.57279407 0 0
749 216.70919764 -96.14114790 0 0
750 218.63981628 -86.76684277 0 0
751 220.32822353 -77.44759010 0 0
752 221.78156287 -68.18064911 0 0
753 223.00615309 -58.96293521 0 0
754 224.00756269 -49.79110151 0 0
755 224.79067655 -40.66159782 0 0
756 225.35975344 -31.57071090 0 0
757 225.71847341 -22.51458962 0 0
758 225.86997436 -13.48925829 0 0
759 225.81687726 -4.49062119 0 0
760 225.56129966 4.48553875 0 0
761 225.10485741 13.44356448 0 0
762 224.44865442 22.38792984 0 0
763 223.59326062 31.32324243 0 0
764 222.53867825 40.25424174 0 0
765 221.28429675 49.18578975 0 0
766 219.82883687 58.12285126 0 0
767 218.17028440 67.07046075 0 0
768 216.30581447 76.03367279 0 0
769 214.23170760 85.01749226 0 0
770 211.94325882 94.02678065 0 0
771 209.43468176 103.06613429 0 0
772 206.69901025 112.13972999 0 0
773 203.72800049 121.25113318 0 0
774 200.51203775 130.40306352 0 0
775 197.04005286 139.59711266 0 0
776 193.29945484 148.83340910 0 0
777 189.27608758 158.11022535 0 0
778 184.95422064 167.42352378 0 0
779 180.31658599 176.76643925 0 0
780 175.34447486 186.12869934 0 0
781 170.01791128 195.49598715 0 0
782 164.31592066 204.84925758 0 0
783 158.21691343 214.16402560 0 0
784 151.69920391 223.40965518 0 0
785 144.74168291 232.54868972 0 0
786 137.32465845 241.53627870 0 0
787 129.43087059 250.31977022 0 0
788 121.04667403 258.83855294 0 0
789 112.16336372 267.02424108 0 0
790 102.77859624 274.80129951 0 0
791 92.89783194 282.08819720 0 0
792 82.53569512 288.79915371 0 0
793 71.71712402 294.84650031 0 0
794 60.47816647 300.14361647 0 0
795 48.86627704 304.60832568 0 0
796 36.93999269 308.16655329 0 0
797 24.76790950 310.75597564 0 0
798 12.42695098 312.32934194 0 0
799 0.00000000 312.85714286 -1 0
800 0.00000000 -328.57142857 -1 0
801 13.05131453 -328.02161086 0 0
802 26.01336182 -326.38231467 0 0
803 38.80000174 -323.68341015 0 0
804 51.33108850 -319.97274744 0 0
805 63.53485597 -315.31348508 0 0
806 75.34966649 -309.78076390 0 0
807 86.72505089 -303.45805247 0 0
808 97.62204919 -296.43348277 0 0
809 108.01292945 -288.79644657 0 0
810 117.88040747 -280.63465019 0 0
811 127.21651160 -272.03174342 0 0
812 136.02123673 -263.06556209 0 0
813 144.30111547 -253.80696255 0 0
814 152.06780938 -244.31918373 0 0
815 159.33679491 -234.65764810 0 0
816 166.12619159 -224.87010508 0 0
817 172.45575677 -214.99702280 0 0
818 178.34605353 -205.07214520 0 0
819 183.81778537 -195.12314450 0 0
820 188.89128362 -185.17231472 0 0
821 193.58612861 -175.23726516 0 0
822 197.92088469 -165.33158562 0 0
823 201.91292891 -155.46546459 0 0
824 205.57835492 -145.64624986 0 0
825 208.93193558 -135.87894659 0 0
826 211.98713012 -126.16665203 0 0
827 214.75612373 -116.51092910 0 0
828 217.24988989 -106.91212238 0 0
829 219.47826734 -97.36962155 0 0
830 221.45004519 -87.88207737 0 0
831 223.17305124 -78.44757570 0 0
832 224.65423945 -69.06377461 0 0
833 225.89977333 -59.72800980 0 0
834 226.91510315 -50.43737273 0 0
835 227.70503484 -41.18876588 0 0
836 228.27378939 -31.97893901 0 0
837 228.62505171 -22.80451015 0 0
838 228.76200808 -13.66197443 0 0
839 228.68737180 -4.54770419 0 0
840 228.40339669 4.54205703 0 0
841 227.91187813 13.61120353 0 0
842 227.21414173 22.66377705 0 0
843 226.31101960 31.70397404 0 0
844 225.20281450 40.73614801 0 0
845 223.88925210 49.76480412 0 0
846 222.36942198 58.79458319 0 0
847 220.64170782 67.83023199 0 0
848 218.70370785 76.87655647 0 0
849 216.55214665 85.93835459 0 0
850 214.18277976 95.02032461 0 0
851 211.59029304 104.12694485 0 0
852 208.76819940 113.26232033 0 0
853 205.70873590 122.42999133 0 0
854 202.40276550 131.63269888 0 0
855 198.83968849 140.87210185 0 0
856 195.00737016 150.14844054 0 0
857 190.89209278 159.46014202 0 0
858 186.47854182 168.80336373 0 0
859 181.74983840 178.17147321 0 0
860 176.68763225 187.55446504 0 0
861 171.27227162 196.93831997 0 0
862 165.48306881 206.30431703 0 0
863 159.29868115 215.62831740 0 0
864 152.69762771 224.88004864 0 0
865 145.65896037 234.02243017 0 0
866 138.16310347 243.01099484 0 0
867 130.19286822 251.79347637 0 0
868 121.73463539 260.30964601 0 0
869 112.77968176 268.49149252 0 0
870 103.32560267 276.26384214 0 0
871 93.37775612 283.54550731 0 0
872 82.95062533 290.25102846 0 0
873 72.06897157 296.29303095 0 0
874 60.76863329 301.58515755 0 0
875 49.09682702 306.04546078 0 0
876 37.11182718 309.60005772 0 0
877 24.88194736 312.18677652 0 0
878 12.48381334 313.75847630 0 0
879 0.00000000 314.28571429 -1 0
880 0.00000000 -331.42857143 -1 0
881 13.16492701 -330.87705868 0 0
882 26.24054113 -329.23266936 0 0
883 39.14065369 -326.52524982 0 0
884 51.78506462 -322.80261121 0 0
885 64.10194505 -318.12785891 0 0
886 76.02958353 -312.57606783 0 0
887 87.51742365 -306.23062963 0 0
888 98.52640268 -299.17959042 0 0
889 109.02866856 -291.51224964 0 0
890 119.00679808 -283.31621739 0 0
891 128.45266058 -274.67504624 0 0
892 137.36607121 -265.66647681 0 0
893 145.75336170 -256.36127547 0 0
894 153.62597174 -246.82259953 0 0
895 160.99913543 -237.10580151 0 0
896 167.89071035 -227.25857564 0 0
897 174.32017372 -217.32135282 0 0
898 180.30779206 -207.32786054 0 0
899 185.87395807 -197.30577815 0 0
900 191.03868055 -187.27743283 0 0
901 195.82120846 -177.26049526 0 0
902 200.23976908 -167.26864665 0 0
903 204.31140010 -157.31219843 0 0
904 208.05185719 -147.39865385 0 0
905 211.47558035 -137.53320672 0 0
906 214.59570496 -127.71917625 0 0
907 217.42410531 -117.95838032 0 0
908 219.97146086 -108.25145069 0 0
909 222.24733704 -98.59809520 0 0
910 224.26027409 -88.99731198 0 0
911 226.01787896 -79.44756130 0 0
912 227.52691603 -69.94690011 0 0
913 228.79339357 -60.49308440 0 0
914 229.82264361 -51.08364396 0 0
915 230.61939312 -41.71593393 0 0
916 231.18782535 -32.38716712 0 0
917 231.53163002 -23.09443067 0 0
918 231.65404179 -13.83469057 0 0
919 231.55786634 -4.60478718 0 0
920 231.24549372 4.59857530 0 0
921 230.71889886 13.77884258 0 0
922 229.97962904 22.93962427 0 0
923 229.02877858 32.08470566 0 0
924 227.86695075 41.21805428 0 0
925 226.49420746 50.34381848 0 0
926 224.91000709 59.46631513 0 0
927 223.11313123 68.59000323 0 0
928 221.10160123 77.71944015 0 0
929 218.87258570 86.85921692 0 0
930 216.42230069 96.01386856 0 0
931 213.74590432 105.18775541 0 0
932 210.83738855 114.38491067 0 0
933 207.68947131 123.60884948 0 0
934 204.29349326 132.86233424 0 0
935 200.63932412 142.14709104 0 0
936 196.71528547 151.46347197 0 0
937 192.50809797 160.81005869 0 0
938 188.00286300 170.18320368 0 0
939 183.18309082 179.57650716 0 0
940 178.03078964 188.98023074 0 0
941 172.52663196 198.38065278 0 0
942 166.65021696 207.75937647 0 0
943 160.38044887 217.09260920 0 0
944 153.69605152 226.35044210 0 0
945 146.57623784 235.49617062 0 0
946 139.00154849 244.48571099 0 0
947 130.95486584 253.26718252 0 0
948 122.42259675 261.78073909 0 0
949 113.39599980 269.95874395 0 0
950 103.87260910 277.72638477 0 0
951 93.85768031 285.00281741 0 0
952 83.36555553 291.70290321 0 0
953 72.42081911 297.73956159 0 0
954 61.05910011 303.02669862 0 0
955 49.32737700 307.48259589 0 0
956 37.28366168 311.03356214 0 0
957 24.99598522 313.61757739 0 0
958 12.54067569 315.18761065 0 0
959 0.00000000 315.71428571 -1 0
960 0.00000000 -334.28571429 -1 0
961 13.27853948 -333.73250649 0 0
962 26.46772043 -332.08302405 0 0
963 39.48130564 -329.36708948 0 0
964 52.23904075 -325.63247497 0 0
965 64.66903414 -320.94223274 0 0
966 76.70950056 -315.37137176 0 0
967 88.30979641 -309.00320678 0 0
968 99.43075618 -301.92569807 0 0
969 110.04440767 -294.22805272 0 0
970 120.13318869 -285.99778460 0 0
971 129.68880956 -277.31834905 0 0
972 138.71090568 -268.26739153 0 0
973 147.20560792 -258.91558839 0 0
974 155.18413411 -249.32601533 0 0
975 162.66147596 -239.55395492 0 0
976 169.65522911 -229.64704621 0 0
977 176.18459067 -219.64568284 0 0
978 182.26953059 -209.58357587 0 0
979 187.93013078 -199.48841180 0 0
980 193.18607749 -189.38255094 0 0
981 198.05628832 -179.28372536 0 0
982 202.55865347 -169.20570768 0 0
983 206.70987129 -159.15893226 0 0
984 210.52535946 -149.15105784 0 0
985 214.01922512 -139.18746685 0 0
986 217.20427979 -129.27170047 0 0
987 220.09208689 -119.40583153 0 0
988 222.69303183 -109.59077901 0 0
989 225.01640673 -99.82656885 0 0
990 227.07050299 -90.11254659 0 0
991 228.86270668 -80.44754690 0 0
992 230.39959261 -70.83002561 0 0
993 231.68701381 -61.25815900 0 0
994 232.73018407 -51.72991518 0 0
995 233.53375141 -42.24310199 0 0
996 234.10186130 -32.79539524 0 0
997 234.43820832 -23.38435119 0 0
998 234.54607551 -14.00740671 0 0
999 234.42836088 -4.66187018 0 0
1000 234.08759075 4.65509358 0 0
1001 233.52591958 13.94648163 0 0
1002 232.74511635 23.21547148 0 0
1003 231.74653755 32.46543727 0 0
1004 230.53108700 41.69996055 0 0
1005 229.09916281 50.92283284 0 0
1006 227.45059220 60.13804707 0 0
1007 225.58455465 69.34977447 0 0
1008 223.49949460 78.56232383 0 0
1009 221.19302475 87.78007925 0 0
1010 218.66182163 97.00741252 0 0
1011 215.90151561 106.24856597 0 0
1012 212.90657769 115.50750101 0 0
1013 209.67020673 124.78770762 0 0
1014 206.18422102 134.09196960 0 0
1015 202.43895975 143.42208023 0 0
1016 198.42320079 152.77850340 0 0
1017 194.12410317 162.15997536 0 0
1018 189.52718417 171.56304363 0 0
1019 184.61634324 180.98154112 0 0
1020 179.37394703 190.40599644 0 0
1021 173.78099230 199.82298560 0 0
1022 167.81736512 209.21443592 0 0
1023 161.46221658 218.55690100 0 0
1024 154.69447532 227.82083557 0 0
1025 147.49351531 236.96991106 0 0
1026 139.83999352 245.96042714 0 0
1027 131.71686346 254.74088867 0 0
1028 123.11055812 263.25183216 0 0
1029 114.01231784 271.42599539 0 0
1030 104.41961554 279.18892740 0 0
1031 94.33760450 286.46012752 0 0
1032 83.78048573 293.15477796 0 0
1033 72.77266666 299.18609223 0 0
1034 61.34956692 304.46823970 0 0
1035 49.55792697 308.91973099 0 0
1036 37.45549617 312.46706657 0 0
1037 25.11002308 315.04837826 0 0
1038 12.59753805 316.61674501 0 0
1039 0.00000000 317.14285714 -1 0
1040 0.00000000 -337.14285714 -1 0
1041 13.39215196 -336.58795431 0 0
1042 26.69489974 -334.93337874 0 0
1043 39.82195759 -332.20892915 0 0
1044 52.69301687 -328.46233874 0 0
1045 65.23612322 -323.75660657 0 0
1046 77.38941760 -318.16667570 0 0
1047 89.10216917 -311.77578393 0 0
1048 100.33510967 -304.67180573 0 0
1049 111.06014678 -296.94385579 0 0
1050 121.25957930 -288.67935180 0 0
1051 130.92495855 -279.96165187 0 0
1052 140.05574016 -270.86830625 0 0
1053 148.65785415 -261.46990130 0 0
1054 156.74229648 -251.82943114 0 0
1055 164.32381648 -242.00210833 0 0
1056 171.41974787 -232.03551678 0 0
1057 178.04900761 -221.97001287 0 0
1058 184.23126912 -211.83929121 0 0
1059 189.98630348 -201.67104544 0 0
1060 195.33347443 -191.48766905 0 0
1061 200.29136818 -181.30695545 0 0
1062 204.87753786 -171.14276871 0 0
1063 209.10834248 -161.00566610 0 0
1064 212.99886173 -150.90346183 0 0
1065 216.56286988 -140.84172698 0 0
1066 219.81285463 -130.82422469 0 0
1067 222.76006847 -120.85328275 0 0
1068 225.41460280 -110.93010732 0 0
1069 227.78547643 -101.05504250 0 0
1070 229.88073189 -91.22778119 0 0
1071 231.70753440 -81.44753250 0 0
1072 233.27226919 -71.71315112 0 0
1073 234.58063406 -62.02323360 0 0
1074 235.63772452 -52.37618641 0 0
1075 236.44810969 -42.77027005 0 0
1076 237.01589726 -33.20362335 0 0
1077 237.34478663 -23.67427171 0 0
1078 237.43810922 -14.18012285 0 0
1079 237.29885541 -4.71895317 0 0
1080 236.92968777 4.71161186 0 0
1081 236.33294030 14.11412067 0 0
1082 235.51060366 23.49131869 0 0
1083 234.46429653 32.84616889 0 0
1084 233.19522325 42.18186682 0 0
1085 231.70411817 51.50184721 0 0
1086 229.99117731 60.80977900 0 0
1087 228.05597807 70.10954570 0 0
1088 225.89738798 79.40520751 0 0
1089 223.51346380 88.70094157 0 0
1090 220.90134257 98.00095648 0 0
1091 218.05712689 107.30937653 0 0
1092 214.97576684 116.63009135 0 0
1093 211.65094214 125.96656577 0 0
1094 208.07494878 135.32160496 0 0
1095 204.23859537 144.69706942 0 0
1096 200.13111610 154.09353483 0 0
1097 195.74010837 163.50989203 0 0
1098 191.05150535 172.94288358 0 0
1099 186.04959565 182.38657507 0 0
1100 180.71710442 191.83176214 0 0
1101 175.03535264 201.26531842 0 0
1102 168.98451327 210.66949536 0 0
1103 162.54398430 220.02119280 0 0
1104 155.69289912 229.29122903 0 0
1105 148.41079277 238.44365151 0 0
1106 140.67843854 247.43514328 0 0
1107 132.47886108 256.21459482 0 0
1108 123.79851948 264.72292523 0 0
1109 114.62863588 272.89324682 0 0
1110 104.96662197 280.65147003 0 0
1111 94.81752869 287.91743762 0 0
1112 84.19541594 294.60665271 0 0
1113 73.12451420 300.63262286 0 0
1114 61.64003374 305.90978078 0 0
1115 49.78847695 310.35686609 0 0
1116 37.62733066 313.90057099 0 0
1117 25.22406094 316.47917913 0 0
1118 12.65440041 318.04587937 0 0
1119 0.00000000 318.57142857 -1 0
1120 0.00000000 -340.00000000 -1 -1
1121 13.50576444 -339.44340212 0 0
1122 26.92207905 -337.78373342 0 0
1123 40.16260954 -335.05076882 0 0
1124 53.14699299 -331.29220251 0 0
1125 65.80321231 -326.57098040 0 0
1126 78.06933464 -320.96197963 0 0
1127 89.89454193 -314.54836108 0 0
1128 101.23946317 -307.41791338 0 0
1129 112.07588590 -299.65965887 0 0
1130 122.38596990 -291.36091900 0 0
1131 132.16110753 -282.60495468 0 0
1132 141.40057463 -273.46922097 0 0
1133 150.11010037 -264.02421422 0 0
1134 158.30045884 -254.33284694 0 0
1135 165.98615700 -244.45026173 0 0
1136 173.18426663 -234.42398734 0 0
1137 179.91342456 -224.29434289 0 0
1138 186.19300764 -214.09500655 0 0
1139 192.04247618 -203.85367909 0 0
1140 197.48087137 -193.59278715 0 0
1141 202.52644803 -183.33018555 0 0
1142 207.19642224 -173.07982974 0 0
1143 211.50681367 -162.85239994 0 0
1144 215.47236400 -152.65586583 0 0
1145 219.10651465 -142.49598711 0 0
1146 222.42142946 -132.37674891 0 0
1147 225.42805004 -122.30073397 0 0
1148 228.13617377 -112.26943563 0 0
1149 230.55454613 -102.28351615 0 0
1150 232.69096080 -92.34301580 0 0
1151 234.55236212 -82.44751810 0 0
1152 236.14494577 -72.59627662 0 0
1153 237.47425430 -62.78830819 0 0
1154 238.54526498 -53.02245763 0 0
1155 239.36246798 -43.29743811 0 0
1156 239.92993321 -33.61185146 0 0
1157 240.25136494 -23.96419224 0 0
1158 240.33014294 -14.35283898 0 0
1159 240.16934995 -4.77603617 0 0
1160 239.77178480 4.76813014 0 0
1161 239.13996102 14.28175972 0 0
1162 238.27609096 23.76716590 0 0
1163 237.18205551 33.22690050 0 0
1164 235.85935950 42.66377309 0 0
1165 234.30907352 52.08086157 0 0
1166 232.53176241 61.48151094 0 0
1167 230.52740149 70.86931694 0 0
1168 228.29528136 80.24809119 0 0
1169 225.83390284 89.62180390 0 0
1170 223.14086351 98.99450044 0 0
1171 220.21273818 108.37018709 0 0
1172 217.04495598 117.75268169 0 0
1173 213.63167755 127.14542392 0 0
1174 209.96567654 136.55124032 0 0
1175 206.03823100 145.97205861 0 0
1176 201.83903142 155.40856626 0 0
1177 197.35611356 164.85980870 0 0
1178 192.57582653 174.32272354 0 0
1179 187.48284807 183.79160903 0 0
1180 182.06026181 193.25752784 0 0
1181 176.28971298 202.70765123 0 0
1182 170.15166142 212.12455481 0 0
1183 163.62575202 221.48548460 0 0
1184 156.69132292 230.76162249 0 0
1185 149.32807024 239.91739196 0 0
1186 141.51688357 248.90985943 0 0
1187 133.24085871 257.68830096 0 0
1188 124.48648084 266.19401830 0 0
1189 115.24495391 274.36049826 0 0
1190 105.51362840 282.11401266 0 0
1191 95.29745288 289.37474772 0 0
1192 84.61034614 296.05852746 0 0
1193 73.47636175 302.07915350 0 0
1194 61.93050056 307.35132185 0 0
1195 50.01902692 311.79400119 0 0
1196 37.79916515 315.33407542 0 0
1197 25.33809880 317.90998000 0 0
1198 12.71126277 319.47501373 0 0
1199 0.00000000 320.00000000 -1 0
