0 3 0 0 100 1
1 3 0 1 100 101
2 3 0 1 101 2
3 3 0 2 101 102
4 3 0 2 102 3
5 3 0 3 102 103
6 3 0 3 103 4
7 3 0 4 103 104
8 3 0 4 104 5
9 3 0 5 104 105
10 3 0 5 105 6
11 3 0 6 105 106
12 3 0 6 106 7
13 3 0 7 106 107
14 3 0 7 107 8
15 3 0 8 107 108
16 3 0 8 108 9
17 3 0 9 108 109
18 3 0 9 109 10
19 3 0 10 109 110
20 3 0 10 110 11
21 3 0 11 110 111
22 3 0 11 111 12
23 3 0 12 111 112
24 3 0 12 112 13
25 3 0 13 112 113
26 3 0 13 113 14
27 3 0 14 113 114
28 3 0 14 114 15
29 3 0 15 114 115
30 3 0 15 115 16
31 3 0 16 115 116
32 3 0 16 116 17
33 3 0 17 116 117
34 3 0 17 117 18
35 3 0 18 117 118
36 3 0 18 118 19
37 3 0 19 118 119
38 3 0 19 119 20
39 3 0 20 119 120
40 3 0 20 120 21
41 3 0 21 120 121
42 3 0 21 121 22
43 3 0 22 121 122
44 3 0 22 122 23
45 3 0 23 122 123
46 3 0 23 123 24
47 3 0 24 123 124
48 3 0 24 124 25
49 3 0 25 124 125
50 3 0 25 125 26
51 3 0 26 125 126
52 3 0 26 126 27
53 3 0 27 126 127
54 3 0 27 127 28
55 3 0 28 127 128
56 3 0 28 128 29
57 3 0 29 128 129
58 3 0 29 129 30
59 3 0 30 129 130
60 3 0 30 130 31
61 3 0 31 130 131
62 3 0 31 131 32
63 3 0 32 131 132
64 3 0 32 132 33
65 3 0 33 132 133
66 3 0 33 133 34
67 3 0 34 133 134
68 3 0 34 134 35
69 3 0 35 134 135
70 3 0 35 135 36
71 3 0 36 135 136
72 3 0 36 136 37
73 3 0 37 136 137
74 3 0 37 137 38
75 3 0 38 137 138
76 3 0 38 138 39
77 3 0 39 138 139
78 3 0 39 139 40
79 3 0 40 139 140
80 3 0 40 140 41
81 3 0 41 140 141
82 3 0 41 141 42
83 3 0 42 141 142
84 3 0 42 142 43
85 3 0 43 142 143
86 3 0 43 143 44
87 3 0 44 143 144
88 3 0 44 144 45
89 3 0 45 144 145
90 3 0 45 145 46
91 3 0 46 145 146
92 3 0 46 146 47
93 3 0 47 146 147
94 3 0 47 147 48
95 3 0 48 147 148
96 3 0 48 148 49
97 3 0 49 148 149
98 3 0 49 149 50
99 3 0 50 149 150
100 3 0 50 150 51
101 3 0 51 150 151
102 3 0 51 151 52
103 3 0 52 151 152
104 3 0 52 152 53
105 3 0 53 152 153
106 3 0 53 153 54
107 3 0 54 153 154
108 3 0 54 154 55
109 3 0 55 154 155
110 3 0 55 155 56
111 3 0 56 155 156
112 3 0 56 156 57
113 3 0 57 156 157
114 3 0 57 157 58
115 3 0 58 157 158
116 3 0 58 158 59
117 3 0 59 158 159
118 3 0 59 159 60
119 3 0 60 159 160
120 3 0 60 160 61
121 3 0 61 160 161
122 3 0 61 161 62
123 3 0 62 161 162
124 3 0 62 162 63
125 3 0 63 162 163
126 3 0 63 163 64
127 3 0 64 163 164
128 3 0 64 164 65
129 3 0 65 164 165
130 3 0 65 165 66
131 3 0 66 165 166
132 3 0 66 166 67
133 3 0 67 166 167
134 3 0 67 167 68
135 3 0 68 167 168
136 3 0 68 168 69
137 3 0 69 168 169
138 3 0 69 169 70
139 3 0 70 169 170
140 3 0 70 170 71
141 3 0 71 170 171
142 3 0 71 171 72
143 3 0 72 171 172
144 3 0 72 172 73
145 3 0 73 172 173
146 3 0 73 173 74
147 3 0 74 173 174
148 3 0 74 174 75
149 3 0 75 174 175
150 3 0 75 175 76
151 3 0 76 175 176
152 3 0 76 176 77
153 3 0 77 176 177
154 3 0 77 177 78
155 3 0 78 177 178
156 3 0 78 178 79
157 3 0 79 178 179
158 3 0 79 179 80
159 3 0 80 179 180
160 3 0 80 180 81
161 3 0 81 180 181
162 3 0 81 181 82
163 3 0 82 181 182
164 3 0 82 182 83
165 3 0 83 182 183
166 3 0 83 183 84
167 3 0 84 183 184
168 3 0 84 184 85
169 3 0 85 184 185
170 3 0 85 185 86
171 3 0 86 185 186
172 3 0 86 186 87
173 3 0 87 186 187
174 3 0 87 187 88
175 3 0 88 187 188
176 3 0 88 188 89
177 3 0 89 188 189
178 3 0 89 189 90
179 3 0 90 189 190
180 3 0 90 190 91
181 3 0 91 190 191
182 3 0 91 191 92
183 3 0 92 191 192
184 3 0 92 192 93
185 3 0 93 192 193
186 3 0 93 193 94
187 3 0 94 193 194
188 3 0 94 194 95
189 3 0 95 194 195
190 3 0 95 195 96
191 3 0 96 195 196
192 3 0 96 196 97
193 3 0 97 196 197
194 3 0 97 197 98
195 3 0 98 197 198
196 3 0 98 198 99
197 3 0 99 198 199
198 3 0 100 200 101
199 3 0 101 200 201
200 3 0 101 201 102
201 3 0 102 201 202
202 3 0 102 202 103
203 3 0 103 202 203
204 3 0 103 203 104
205 3 0 104 203 204
206 3 0 104 204 105
207 3 0 105 204 205
208 3 0 105 205 106
209 3 0 106 205 206
210 3 0 106 206 107
211 3 0 107 206 207
212 3 0 107 207 108
213 3 0 108 207 208
214 3 0 108 208 109
215 3 0 109 208 209
216 3 0 109 209 110
217 3 0 110 209 210
218 3 0 110 210 111
219 3 0 111 210 211
220 3 0 111 211 112
221 3 0 112 211 212
222 3 0 112 212 113
223 3 0 113 212 213
224 3 0 113 213 114
225 3 0 114 213 214
226 3 0 114 214 115
227 3 0 115 214 215
228 3 0 115 215 116
229 3 0 116 215 216
230 3 0 116 216 117
231 3 0 117 216 217
232 3 0 117 217 118
233 3 0 118 217 218
234 3 0 118 218 119
235 3 0 119 218 219
236 3 0 119 219 120
237 3 0 120 219 220
238 3 0 120 220 121
239 3 0 121 220 221
240 3 0 121 221 122
241 3 0 122 221 222
242 3 0 122 222 123
243 3 0 123 222 223
244 3 0 123 223 124
245 3 0 124 223 224
246 3 0 124 224 125
247 3 0 125 224 225
248 3 0 125 225 126
249 3 0 126 225 226
250 3 0 126 226 127
251 3 0 127 226 227
252 3 0 127 227 128
253 3 0 128 227 228
254 3 0 128 228 129
255 3 0 129 228 229
256 3 0 129 229 130
257 3 0 130 229 230
258 3 0 130 230 131
259 3 0 131 230 231
260 3 0 131 231 132
261 3 0 132 231 232
262 3 0 132 232 133
263 3 0 133 232 233
264 3 0 133 233 134
265 3 0 134 233 234
266 3 0 134 234 135
267 3 0 135 234 235
268 3 0 135 235 136
269 3 0 136 235 236
270 3 0 136 236 137
271 3 0 137 236 237
272 3 0 137 237 138
273 3 0 138 237 238
274 3 0 138 238 139
275 3 0 139 238 239
276 3 0 139 239 140
277 3 0 140 239 240
278 3 0 140 240 141
279 3 0 141 240 241
280 3 0 141 241 142
281 3 0 142 241 242
282 3 0 142 242 143
283 3 0 143 242 243
284 3 0 143 243 144
285 3 0 144 243 244
286 3 0 144 244 145
287 3 0 145 244 245
288 3 0 145 245 146
289 3 0 146 245 246
290 3 0 146 246 147
291 3 0 147 246 247
292 3 0 147 247 148
293 3 0 148 247 248
294 3 0 148 248 149
295 3 0 149 248 249
296 3 0 149 249 150
297 3 0 150 249 250
298 3 0 150 250 151
299 3 0 151 250 251
300 3 0 151 251 152
301 3 0 152 251 252
302 3 0 152 252 153
303 3 0 153 252 253
304 3 0 153 253 154
305 3 0 154 253 254
306 3 0 154 254 155
307 3 0 155 254 255
308 3 0 155 255 156
309 3 0 156 255 256
310 3 0 156 256 157
311 3 0 157 256 257
312 3 0 157 257 158
313 3 0 158 257 258
314 3 0 158 258 159
315 3 0 159 258 259
316 3 0 159 259 160
317 3 0 160 259 260
318 3 0 160 260 161
319 3 0 161 260 261
320 3 0 161 261 162
321 3 0 162 261 262
322 3 0 162 262 163
323 3 0 163 262 263
324 3 0 163 263 164
325 3 0 164 263 264
326 3 0 164 264 165
327 3 0 165 264 265
328 3 0 165 265 166
329 3 0 166 265 266
330 3 0 166 266 167
331 3 0 167 266 267
332 3 0 167 267 168
333 3 0 168 267 268
334 3 0 168 268 169
335 3 0 169 268 269
336 3 0 169 269 170
337 3 0 170 269 270
338 3 0 170 270 171
339 3 0 171 270 271
340 3 0 171 271 172
341 3 0 172 271 272
342 3 0 172 272 173
343 3 0 173 272 273
344 3 0 173 273 174
345 3 0 174 273 274
346 3 0 174 274 175
347 3 0 175 274 275
348 3 0 175 275 176
349 3 0 176 275 276
350 3 0 176 276 177
351 3 0 177 276 277
352 3 0 177 277 178
353 3 0 178 277 278
354 3 0 178 278 179
355 3 0 179 278 279
356 3 0 179 279 180
357 3 0 180 279 280
358 3 0 180 280 181
359 3 0 181 280 281
360 3 0 181 281 182
361 3 0 182 281 282
362 3 0 182 282 183
363 3 0 183 282 283
364 3 0 183 283 184
365 3 0 184 283 284
366 3 0 184 284 185
367 3 0 185 284 285
368 3 0 185 285 186
369 3 0 186 285 286
370 3 0 186 286 187
371 3 0 187 286 287
372 3 0 187 287 188
373 3 0 188 287 288
374 3 0 188 288 189
375 3 0 189 288 289
376 3 0 189 289 190
377 3 0 190 289 290
378 3 0 190 290 191
379 3 0 191 290 291
380 3 0 191 291 192
381 3 0 192 291 292
382 3 0 192 292 193
383 3 0 193 292 293
384 3 0 193 293 194
385 3 0 194 293 294
386 3 0 194 294 195
387 3 0 195 294 295
388 3 0 195 295 196
389 3 0 196 295 296
390 3 0 196 296 197
391 3 0 197 296 297
392 3 0 197 297 198
393 3 0 198 297 298
394 3 0 198 298 199
395 3 0 199 298 299
396 3 0 200 300 201
397 3 0 201 300 301
398 3 0 201 301 202
399 3 0 202 301 302
400 3 0 202 302 203
401 3 0 203 302 303
402 3 0 203 303 204
403 3 0 204 303 304
404 3 0 204 304 205
405 3 0 205 304 305
406 3 0 205 305 206
407 3 0 206 305 306
408 3 0 206 306 207
409 3 0 207 306 307
410 3 0 207 307 208
411 3 0 208 307 308
412 3 0 208 308 209
413 3 0 209 308 309
414 3 0 209 309 210
415 3 0 210 309 310
416 3 0 210 310 211
417 3 0 211 310 311
418 3 0 211 311 212
419 3 0 212 311 312
420 3 0 212 312 213
421 3 0 213 312 313
422 3 0 213 313 214
423 3 0 214 313 314
424 3 0 214 314 215
425 3 0 215 314 315
426 3 0 215 315 216
427 3 0 216 315 316
428 3 0 216 316 217
429 3 0 217 316 317
430 3 0 217 317 218
431 3 0 218 317 318
432 3 0 218 318 219
433 3 0 219 318 319
434 3 0 219 319 220
435 3 0 220 319 320
436 3 0 220 320 221
437 3 0 221 320 321
438 3 0 221 321 222
439 3 0 222 321 322
440 3 0 222 322 223
441 3 0 223 322 323
442 3 0 223 323 224
443 3 0 224 323 324
444 3 0 224 324 225
445 3 0 225 324 325
446 3 0 225 325 226
447 3 0 226 325 326
448 3 0 226 326 227
449 3 0 227 326 327
450 3 0 227 327 228
451 3 0 228 327 328
452 3 0 228 328 229
453 3 0 229 328 329
454 3 0 229 329 230
455 3 0 230 329 330
456 3 0 230 330 231
457 3 0 231 330 331
458 3 0 231 331 232
459 3 0 232 331 332
460 3 0 232 332 233
461 3 0 233 332 333
462 3 0 233 333 234
463 3 0 234 333 334
464 3 0 234 334 235
465 3 0 235 334 335
466 3 0 235 335 236
467 3 0 236 335 336
468 3 0 236 336 237
469 3 0 237 336 337
470 3 0 237 337 238
471 3 0 238 337 338
472 3 0 238 338 239
473 3 0 239 338 339
474 3 0 239 339 240
475 3 0 240 339 340
476 3 0 240 340 241
477 3 0 241 340 341
478 3 0 241 341 242
479 3 0 242 341 342
480 3 0 242 342 243
481 3 0 243 342 343
482 3 0 243 343 244
483 3 0 244 343 344
484 3 0 244 344 245
485 3 0 245 344 345
486 3 0 245 345 246
487 3 0 246 345 346
488 3 0 246 346 247
489 3 0 247 346 347
490 3 0 247 347 248
491 3 0 248 347 348
492 3 0 248 348 249
493 3 0 249 348 349
494 3 0 249 349 250
495 3 0 250 349 350
496 3 0 250 350 251
497 3 0 251 350 351
498 3 0 251 351 252
499 3 0 252 351 352
500 3 0 252 352 253
501 3 0 253 352 353
502 3 0 253 353 254
503 3 0 254 353 354
504 3 0 254 354 255
505 3 0 255 354 355
506 3 0 255 355 256
507 3 0 256 355 356
508 3 0 256 356 257
509 3 0 257 356 357
510 3 0 257 357 258
511 3 0 258 357 358
512 3 0 258 358 259
513 3 0 259 358 359
514 3 0 259 359 260
515 3 0 260 359 360
516 3 0 260 360 261
517 3 0 261 360 361
518 3 0 261 361 262
519 3 0 262 361 362
520 3 0 262 362 263
521 3 0 263 362 363
522 3 0 263 363 264
523 3 0 264 363 364
524 3 0 264 364 265
525 3 0 265 364 365
526 3 0 265 365 266
527 3 0 266 365 366
528 3 0 266 366 267
529 3 0 267 366 367
530 3 0 267 367 268
531 3 0 268 367 368
532 3 0 268 368 269
533 3 0 269 368 369
534 3 0 269 369 270
535 3 0 270 369 370
536 3 0 270 370 271
537 3 0 271 370 371
538 3 0 271 371 272
539 3 0 272 371 372
540 3 0 272 372 273
541 3 0 273 372 373
542 3 0 273 373 274
543 3 0 274 373 374
544 3 0 274 374 275
545 3 0 275 374 375
546 3 0 275 375 276
547 3 0 276 375 376
548 3 0 276 376 277
549 3 0 277 376 377
550 3 0 277 377 278
551 3 0 278 377 378
552 3 0 278 378 279
553 3 0 279 378 379
554 3 0 279 379 280
555 3 0 280 379 380
556 3 0 280 380 281
557 3 0 281 380 381
558 3 0 281 381 282
559 3 0 282 381 382
560 3 0 282 382 283
561 3 0 283 382 383
562 3 0 283 383 284
563 3 0 284 383 384
564 3 0 284 384 285
565 3 0 285 384 385
566 3 0 285 385 286
567 3 0 286 385 386
568 3 0 286 386 287
569 3 0 287 386 387
570 3 0 287 387 288
571 3 0 288 387 388
572 3 0 288 388 289
573 3 0 289 388 389
574 3 0 289 389 290
575 3 0 290 389 390
576 3 0 290 390 291
577 3 0 291 390 391
578 3 0 291 391 292
579 3 0 292 391 392
580 3 0 292 392 293
581 3 0 293 392 393
582 3 0 293 393 294
583 3 0 294 393 394
584 3 0 294 394 295
585 3 0 295 394 395
586 3 0 295 395 296
587 3 0 296 395 396
588 3 0 296 396 297
589 3 0 297 396 397
590 3 0 297 397 298
591 3 0 298 397 398
592 3 0 298 398 299
593 3 0 299 398 399
594 3 0 300 400 301
595 3 0 301 400 401
596 3 0 301 401 302
597 3 0 302 401 402
598 3 0 302 402 303
599 3 0 303 402 403
600 3 0 303 403 304
601 3 0 304 403 404
602 3 0 304 404 305
603 3 0 305 404 405
604 3 0 305 405 306
605 3 0 306 405 406
606 3 0 306 406 307
607 3 0 307 406 407
608 3 0 307 407 308
609 3 0 308 407 408
610 3 0 308 408 309
611 3 0 309 408 409
612 3 0 309 409 310
613 3 0 310 409 410
614 3 0 310 410 311
615 3 0 311 410 411
616 3 0 311 411 312
617 3 0 312 411 412
618 3 0 312 412 313
619 3 0 313 412 413
620 3 0 313 413 314
621 3 0 314 413 414
622 3 0 314 414 315
623 3 0 315 414 415
624 3 0 315 415 316
625 3 0 316 415 416
626 3 0 316 416 317
627 3 0 317 416 417
628 3 0 317 417 318
629 3 0 318 417 418
630 3 0 318 418 319
631 3 0 319 418 419
632 3 0 319 419 320
633 3 0 320 419 420
634 3 0 320 420 321
635 3 0 321 420 421
636 3 0 321 421 322
637 3 0 322 421 422
638 3 0 322 422 323
639 3 0 323 422 423
640 3 0 323 423 324
641 3 0 324 423 424
642 3 0 324 424 325
643 3 0 325 424 425
644 3 0 325 425 326
645 3 0 326 425 426
646 3 0 326 426 327
647 3 0 327 426 427
648 3 0 327 427 328
649 3 0 328 427 428
650 3 0 328 428 329
651 3 0 329 428 429
652 3 0 329 429 330
653 3 0 330 429 430
654 3 0 330 430 331
655 3 0 331 430 431
656 3 0 331 431 332
657 3 0 332 431 432
658 3 0 332 432 333
659 3 0 333 432 433
660 3 0 333 433 334
661 3 0 334 433 434
662 3 0 334 434 335
663 3 0 335 434 435
664 3 0 335 435 336
665 3 0 336 435 436
666 3 0 336 436 337
667 3 0 337 436 437
668 3 0 337 437 338
669 3 0 338 437 438
670 3 0 338 438 339
671 3 0 339 438 439
672 3 0 339 439 340
673 3 0 340 439 440
674 3 0 340 440 341
675 3 0 341 440 441
676 3 0 341 441 342
677 3 0 342 441 442
678 3 0 342 442 343
679 3 0 343 442 443
680 3 0 343 443 344
681 3 0 344 443 444
682 3 0 344 444 345
683 3 0 345 444 445
684 3 0 345 445 346
685 3 0 346 445 446
686 3 0 346 446 347
687 3 0 347 446 447
688 3 0 347 447 348
689 3 0 348 447 448
690 3 0 348 448 349
691 3 0 349 448 449
692 3 0 349 449 350
693 3 0 350 449 450
694 3 0 350 450 351
695 3 0 351 450 451
696 3 0 351 451 352
697 3 0 352 451 452
698 3 0 352 452 353
699 3 0 353 452 453
700 3 0 353 453 354
701 3 0 354 453 454
702 3 0 354 454 355
703 3 0 355 454 455
704 3 0 355 455 356
705 3 0 356 455 456
706 3 0 356 456 357
707 3 0 357 456 457
708 3 0 357 457 358
709 3 0 358 457 458
710 3 0 358 458 359
711 3 0 359 458 459
712 3 0 359 459 360
713 3 0 360 459 460
714 3 0 360 460 361
715 3 0 361 460 461
716 3 0 361 461 362
717 3 0 362 461 462
718 3 0 362 462 363
719 3 0 363 462 463
720 3 0 363 463 364
721 3 0 364 463 464
722 3 0 364 464 365
723 3 0 365 464 465
724 3 0 365 465 366
725 3 0 366 465 466
726 3 0 366 466 367
727 3 0 367 466 467
728 3 0 367 467 368
729 3 0 368 467 468
730 3 0 368 468 369
731 3 0 369 468 469
732 3 0 369 469 370
733 3 0 370 469 470
734 3 0 370 470 371
735 3 0 371 470 471
736 3 0 371 471 372
737 3 0 372 471 472
738 3 0 372 472 373
739 3 0 373 472 473
740 3 0 373 473 374
741 3 0 374 473 474
742 3 0 374 474 375
743 3 0 375 474 475
744 3 0 375 475 376
745 3 0 376 475 476
746 3 0 376 476 377
747 3 0 377 476 477
748 3 0 377 477 378
749 3 0 378 477 478
750 3 0 378 478 379
751 3 0 379 478 479
752 3 0 379 479 380
753 3 0 380 479 480
754 3 0 380 480 381
755 3 0 381 480 481
756 3 0 381 481 382
757 3 0 382 481 482
758 3 0 382 482 383
759 3 0 383 482 483
760 3 0 383 483 384
761 3 0 384 483 484
762 3 0 384 484 385
763 3 0 385 484 485
764 3 0 385 485 386
765 3 0 386 485 486
766 3 0 386 486 387
767 3 0 387 486 487
768 3 0 387 487 388
769 3 0 388 487 488
770 3 0 388 488 389
771 3 0 389 488 489
772 3 0 389 489 390
773 3 0 390 489 490
774 3 0 390 490 391
775 3 0 391 490 491
776 3 0 391 491 392
777 3 0 392 491 492
778 3 0 392 492 393
779 3 0 393 492 493
780 3 0 393 493 394
781 3 0 394 493 494
782 3 0 394 494 395
783 3 0 395 494 495
784 3 0 395 495 396
785 3 0 396 495 496
786 3 0 396 496 397
787 3 0 397 496 497
788 3 0 397 497 398
789 3 0 398 497 498
790 3 0 398 498 399
791 3 0 399 498 499
792 3 0 400 500 401
793 3 0 401 500 501
794 3 0 401 501 402
795 3 0 402 501 502
796 3 0 402 502 403
797 3 0 403 502 503
798 3 0 403 503 404
799 3 0 404 503 504
800 3 0 404 504 405
801 3 0 405 504 505
802 3 0 405 505 406
803 3 0 406 505 506
804 3 0 406 506 407
805 3 0 407 506 507
806 3 0 407 507 408
807 3 0 408 507 508
808 3 0 408 508 409
809 3 0 409 508 509
810 3 0 409 509 410
811 3 0 410 509 510
812 3 0 410 510 411
813 3 0 411 510 511
814 3 0 411 511 412
815 3 0 412 511 512
816 3 0 412 512 413
817 3 0 413 512 513
818 3 0 413 513 414
819 3 0 414 513 514
820 3 0 414 514 415
821 3 0 415 514 515
822 3 0 415 515 416
823 3 0 416 515 516
824 3 0 416 516 417
825 3 0 417 516 517
826 3 0 417 517 418
827 3 0 418 517 518
828 3 0 418 518 419
829 3 0 419 518 519
830 3 0 419 519 420
831 3 0 420 519 520
832 3 0 420 520 421
833 3 0 421 520 521
834 3 0 421 521 422
835 3 0 422 521 522
836 3 0 422 522 423
837 3 0 423 522 523
838 3 0 423 523 424
839 3 0 424 523 524
840 3 0 424 524 425
841 3 0 425 524 525
842 3 0 425 525 426
843 3 0 426 525 526
844 3 0 426 526 427
845 3 0 427 526 527
846 3 0 427 527 428
847 3 0 428 527 528
848 3 0 428 528 429
849 3 0 429 528 529
850 3 0 429 529 430
851 3 0 430 529 530
852 3 0 430 530 431
853 3 0 431 530 531
854 3 0 431 531 432
855 3 0 432 531 532
856 3 0 432 532 433
857 3 0 433 532 533
858 3 0 433 533 434
859 3 0 434 533 534
860 3 0 434 534 435
861 3 0 435 534 535
862 3 0 435 535 436
863 3 0 436 535 536
864 3 0 436 536 437
865 3 0 437 536 537
866 3 0 437 537 438
867 3 0 438 537 538
868 3 0 438 538 439
869 3 0 439 538 539
870 3 0 439 539 440
871 3 0 440 539 540
872 3 0 440 540 441
873 3 0 441 540 541
874 3 0 441 541 442
875 3 0 442 541 542
876 3 0 442 542 443
877 3 0 443 542 543
878 3 0 443 543 444
879 3 0 444 543 544
880 3 0 444 544 445
881 3 0 445 544 545
882 3 0 445 545 446
883 3 0 446 545 546
884 3 0 446 546 447
885 3 0 447 546 547
886 3 0 447 547 448
887 3 0 448 547 548
888 3 0 448 548 449
889 3 0 449 548 549
890 3 0 449 549 450
891 3 0 450 549 550
892 3 0 450 550 451
893 3 0 451 550 551
894 3 0 451 551 452
895 3 0 452 551 552
896 3 0 452 552 453
897 3 0 453 552 553
898 3 0 453 553 454
899 3 0 454 553 554
900 3 0 454 554 455
901 3 0 455 554 555
902 3 0 455 555 456
903 3 0 456 555 556
904 3 0 456 556 457
905 3 0 457 556 557
906 3 0 457 557 458
907 3 0 458 557 558
908 3 0 458 558 459
909 3 0 459 558 559
910 3 0 459 559 460
911 3 0 460 559 560
912 3 0 460 560 461
913 3 0 461 560 561
914 3 0 461 561 462
915 3 0 462 561 562
916 3 0 462 562 463
917 3 0 463 562 563
918 3 0 463 563 464
919 3 0 464 563 564
920 3 0 464 564 465
921 3 0 465 564 565
922 3 0 465 565 466
923 3 0 466 565 566
924 3 0 466 566 467
925 3 0 467 566 567
926 3 0 467 567 468
927 3 0 468 567 568
928 3 0 468 568 469
929 3 0 469 568 569
930 3 0 469 569 470
931 3 0 470 569 570
932 3 0 470 570 471
933 3 0 471 570 571
934 3 0 471 571 472
935 3 0 472 571 572
936 3 0 472 572 473
937 3 0 473 572 573
938 3 0 473 573 474
939 3 0 474 573 574
940 3 0 474 574 475
941 3 0 475 574 575
942 3 0 475 575 476
943 3 0 476 575 576
944 3 0 476 576 477
945 3 0 477 576 577
946 3 0 477 577 478
947 3 0 478 577 578
948 3 0 478 578 479
949 3 0 479 578 579
950 3 0 479 579 480
951 3 0 480 579 580
952 3 0 480 580 481
953 3 0 481 580 581
954 3 0 481 581 482
955 3 0 482 581 582
956 3 0 482 582 483
957 3 0 483 582 583
958 3 0 483 583 484
959 3 0 484 583 584
960 3 0 484 584 485
961 3 0 485 584 585
962 3 0 485 585 486
963 3 0 486 585 586
964 3 0 486 586 487
965 3 0 487 586 587
966 3 0 487 587 488
967 3 0 488 587 588
968 3 0 488 588 489
969 3 0 489 588 589
970 3 0 489 589 490
971 3 0 490 589 590
972 3 0 490 590 491
973 3 0 491 590 591
974 3 0 491 591 492
975 3 0 492 591 592
976 3 0 492 592 493
977 3 0 493 592 593
978 3 0 493 593 494
979 3 0 494 593 594
980 3 0 494 594 495
981 3 0 495 594 595
982 3 0 495 595 496
983 3 0 496 595 596
984 3 0 496 596 497
985 3 0 497 596 597
986 3 0 497 597 498
987 3 0 498 597 598
988 3 0 498 598 499
989 3 0 499 598 599
990 3 0 500 600 501
991 3 0 501 600 601
992 3 0 501 601 502
993 3 0 502 601 602
994 3 0 502 602 503
995 3 0 503 602 603
996 3 0 503 603 504
997 3 0 504 603 604
998 3 0 504 604 505
999 3 0 505 604 605
1000 3 0 505 605 506
1001 3 0 506 605 606
1002 3 0 506 606 507
1003 3 0 507 606 607
1004 3 0 507 607 508
1005 3 0 508 607 608
1006 3 0 508 608 509
1007 3 0 509 608 609
1008 3 0 509 609 510
1009 3 0 510 609 610
1010 3 0 510 610 511
1011 3 0 511 610 611
1012 3 0 511 611 512
1013 3 0 512 611 612
1014 3 0 512 612 513
1015 3 0 513 612 613
1016 3 0 513 613 514
1017 3 0 514 613 614
1018 3 0 514 614 515
1019 3 0 515 614 615
1020 3 0 515 615 516
1021 3 0 516 615 616
1022 3 0 516 616 517
1023 3 0 517 616 617
1024 3 0 517 617 518
1025 3 0 518 617 618
1026 3 0 518 618 519
1027 3 0 519 618 619
1028 3 0 519 619 520
1029 3 0 520 619 620
1030 3 0 520 620 521
1031 3 0 521 620 621
1032 3 0 521 621 522
1033 3 0 522 621 622
1034 3 0 522 622 523
1035 3 0 523 622 623
1036 3 0 523 623 524
1037 3 0 524 623 624
1038 3 0 524 624 525
1039 3 0 525 624 625
1040 3 0 525 625 526
1041 3 0 526 625 626
1042 3 0 526 626 527
1043 3 0 527 626 627
1044 3 0 527 627 528
1045 3 0 528 627 628
1046 3 0 528 628 529
1047 3 0 529 628 629
1048 3 0 529 629 530
1049 3 0 530 629 630
1050 3 0 530 630 531
1051 3 0 531 630 631
1052 3 0 531 631 532
1053 3 0 532 631 632
1054 3 0 532 632 533
1055 3 0 533 632 633
1056 3 0 533 633 534
1057 3 0 534 633 634
1058 3 0 534 634 535
1059 3 0 535 634 635
1060 3 0 535 635 536
1061 3 0 536 635 636
1062 3 0 536 636 537
1063 3 0 537 636 637
1064 3 0 537 637 538
1065 3 0 538 637 638
1066 3 0 538 638 539
1067 3 0 539 638 639
1068 3 0 539 639 540
1069 3 0 540 639 640
1070 3 0 540 640 541
1071 3 0 541 640 641
1072 3 0 541 641 542
1073 3 0 542 641 642
1074 3 0 542 642 543
1075 3 0 543 642 643
1076 3 0 543 643 544
1077 3 0 544 643 644
1078 3 0 544 644 545
1079 3 0 545 644 645
1080 3 0 545 645 546
1081 3 0 546 645 646
1082 3 0 546 646 547
1083 3 0 547 646 647
1084 3 0 547 647 548
1085 3 0 548 647 648
1086 3 0 548 648 549
1087 3 0 549 648 649
1088 3 0 549 649 550
1089 3 0 550 649 650
1090 3 0 550 650 551
1091 3 0 551 650 651
1092 3 0 551 651 552
1093 3 0 552 651 652
1094 3 0 552 652 553
1095 3 0 553 652 653
1096 3 0 553 653 554
1097 3 0 554 653 654
1098 3 0 554 654 555
1099 3 0 555 654 655
1100 3 0 555 655 556
1101 3 0 556 655 656
1102 3 0 556 656 557
1103 3 0 557 656 657
1104 3 0 557 657 558
1105 3 0 558 657 658
1106 3 0 558 658 559
1107 3 0 559 658 659
1108 3 0 559 659 560
1109 3 0 560 659 660
1110 3 0 560 660 561
1111 3 0 561 660 661
1112 3 0 561 661 562
1113 3 0 562 661 662
1114 3 0 562 662 563
1115 3 0 563 662 663
1116 3 0 563 663 564
1117 3 0 564 663 664
1118 3 0 564 664 565
1119 3 0 565 664 665
1120 3 0 565 665 566
1121 3 0 566 665 666
1122 3 0 566 666 567
1123 3 0 567 666 667
1124 3 0 567 667 568
1125 3 0 568 667 668
1126 3 0 568 668 569
1127 3 0 569 668 669
1128 3 0 569 669 570
1129 3 0 570 669 670
1130 3 0 570 670 571
1131 3 0 571 670 671
1132 3 0 571 671 572
1133 3 0 572 671 672
1134 3 0 572 672 573
1135 3 0 573 672 673
1136 3 0 573 673 574
1137 3 0 574 673 674
1138 3 0 574 674 575
1139 3 0 575 674 675
1140 3 0 575 675 576
1141 3 0 576 675 676
1142 3 0 576 676 577
1143 3 0 577 676 677
1144 3 0 577 677 578
1145 3 0 578 677 678
1146 3 0 578 678 579
1147 3 0 579 678 679
1148 3 0 579 679 580
1149 3 0 580 679 680
1150 3 0 580 680 581
1151 3 0 581 680 681
1152 3 0 581 681 582
1153 3 0 582 681 682
1154 3 0 582 682 583
1155 3 0 583 682 683
1156 3 0 583 683 584
1157 3 0 584 683 684
1158 3 0 584 684 585
1159 3 0 585 684 685
1160 3 0 585 685 586
1161 3 0 586 685 686
1162 3 0 586 686 587
1163 3 0 587 686 687
1164 3 0 587 687 588
1165 3 0 588 687 688
1166 3 0 588 688 589
1167 3 0 589 688 689
1168 3 0 589 689 590
1169 3 0 590 689 690
1170 3 0 590 690 591
1171 3 0 591 690 691
1172 3 0 591 691 592
1173 3 0 592 691 692
1174 3 0 592 692 593
1175 3 0 593 692 693
1176 3 0 593 693 594
1177 3 0 594 693 694
1178 3 0 594 694 595
1179 3 0 595 694 695
1180 3 0 595 695 596
1181 3 0 596 695 696
1182 3 0 596 696 597
1183 3 0 597 696 697
1184 3 0 597 697 598
1185 3 0 598 697 698
1186 3 0 598 698 599
1187 3 0 599 698 699
1188 3 0 600 700 601
1189 3 0 601 700 701
1190 3 0 601 701 602
1191 3 0 602 701 702
1192 3 0 602 702 603
1193 3 0 603 702 703
1194 3 0 603 703 604
1195 3 0 604 703 704
1196 3 0 604 704 605
1197 3 0 605 704 705
1198 3 0 605 705 606
1199 3 0 606 705 706
1200 3 0 606 706 607
1201 3 0 607 706 707
1202 3 0 607 707 608
1203 3 0 608 707 708
1204 3 0 608 708 609
1205 3 0 609 708 709
1206 3 0 609 709 610
1207 3 0 610 709 710
1208 3 0 610 710 611
1209 3 0 611 710 711
1210 3 0 611 711 612
1211 3 0 612 711 712
1212 3 0 612 712 613
1213 3 0 613 712 713
1214 3 0 613 713 614
1215 3 0 614 713 714
1216 3 0 614 714 615
1217 3 0 615 714 715
1218 3 0 615 715 616
1219 3 0 616 715 716
1220 3 0 616 716 617
1221 3 0 617 716 717
1222 3 0 617 717 618
1223 3 0 618 717 718
1224 3 0 618 718 619
1225 3 0 619 718 719
1226 3 0 619 719 620
1227 3 0 620 719 720
1228 3 0 620 720 621
1229 3 0 621 720 721
1230 3 0 621 721 622
1231 3 0 622 721 722
1232 3 0 622 722 623
1233 3 0 623 722 723
1234 3 0 623 723 624
1235 3 0 624 723 724
1236 3 0 624 724 625
1237 3 0 625 724 725
1238 3 0 625 725 626
1239 3 0 626 725 726
1240 3 0 626 726 627
1241 3 0 627 726 727
1242 3 0 627 727 628
1243 3 0 628 727 728
1244 3 0 628 728 629
1245 3 0 629 728 729
1246 3 0 629 729 630
1247 3 0 630 729 730
1248 3 0 630 730 631
1249 3 0 631 730 731
1250 3 0 631 731 632
1251 3 0 632 731 732
1252 3 0 632 732 633
1253 3 0 633 732 733
1254 3 0 633 733 634
1255 3 0 634 733 734
1256 3 0 634 734 635
1257 3 0 635 734 735
1258 3 0 635 735 636
1259 3 0 636 735 736
1260 3 0 636 736 637
1261 3 0 637 736 737
1262 3 0 637 737 638
1263 3 0 638 737 738
1264 3 0 638 738 639
1265 3 0 639 738 739
1266 3 0 639 739 640
1267 3 0 640 739 740
1268 3 0 640 740 641
1269 3 0 641 740 741
1270 3 0 641 741 642
1271 3 0 642 741 742
1272 3 0 642 742 643
1273 3 0 643 742 743
1274 3 0 643 743 644
1275 3 0 644 743 744
1276 3 0 644 744 645
1277 3 0 645 744 745
1278 3 0 645 745 646
1279 3 0 646 745 746
1280 3 0 646 746 647
1281 3 0 647 746 747
1282 3 0 647 747 648
1283 3 0 648 747 748
1284 3 0 648 748 649
1285 3 0 649 748 749
1286 3 0 649 749 650
1287 3 0 650 749 750
1288 3 0 650 750 651
1289 3 0 651 750 751
1290 3 0 651 751 652
1291 3 0 652 751 752
1292 3 0 652 752 653
1293 3 0 653 752 753
1294 3 0 653 753 654
1295 3 0 654 753 754
1296 3 0 654 754 655
1297 3 0 655 754 755
1298 3 0 655 755 656
1299 3 0 656 755 756
1300 3 0 656 756 657
1301 3 0 657 756 757
1302 3 0 657 757 658
1303 3 0 658 757 758
1304 3 0 658 758 659
1305 3 0 659 758 759
1306 3 0 659 759 660
1307 3 0 660 759 760
1308 3 0 660 760 661
1309 3 0 661 760 761
1310 3 0 661 761 662
1311 3 0 662 761 762
1312 3 0 662 762 663
1313 3 0 663 762 763
1314 3 0 663 763 664
1315 3 0 664 763 764
1316 3 0 664 764 665
1317 3 0 665 764 765
1318 3 0 665 765 666
1319 3 0 666 765 766
1320 3 0 666 766 667
1321 3 0 667 766 767
1322 3 0 667 767 668
1323 3 0 668 767 768
1324 3 0 668 768 669
1325 3 0 669 768 769
1326 3 0 669 769 670
1327 3 0 670 769 770
1328 3 0 670 770 671
1329 3 0 671 770 771
1330 3 0 671 771 672
1331 3 0 672 771 772
1332 3 0 672 772 673
1333 3 0 673 772 773
1334 3 0 673 773 674
1335 3 0 674 773 774
1336 3 0 674 774 675
1337 3 0 675 774 775
1338 3 0 675 775 676
1339 3 0 676 775 776
1340 3 0 676 776 677
1341 3 0 677 776 777
1342 3 0 677 777 678
1343 3 0 678 777 778
1344 3 0 678 778 679
1345 3 0 679 778 779
1346 3 0 679 779 680
1347 3 0 680 779 780
1348 3 0 680 780 681
1349 3 0 681 780 781
1350 3 0 681 781 682
1351 3 0 682 781 782
1352 3 0 682 782 683
1353 3 0 683 782 783
1354 3 0 683 783 684
1355 3 0 684 783 784
1356 3 0 684 784 685
1357 3 0 685 784 785
1358 3 0 685 785 686
1359 3 0 686 785 786
1360 3 0 686 786 687
1361 3 0 687 786 787
1362 3 0 687 787 688
1363 3 0 688 787 788
1364 3 0 688 788 689
1365 3 0 689 788 789
1366 3 0 689 789 690
1367 3 0 690 789 790
1368 3 0 690 790 691
1369 3 0 691 790 791
1370 3 0 691 791 692
1371 3 0 692 791 792
1372 3 0 692 792 693
1373 3 0 693 792 793
1374 3 0 693 793 694
1375 3 0 694 793 794
1376 3 0 694 794 695
1377 3 0 695 794 795
1378 3 0 695 795 696
1379 3 0 696 795 796
1380 3 0 696 796 697
1381 3 0 697 796 797
1382 3 0 697 797 698
1383 3 0 698 797 798
1384 3 0 698 798 699
1385 3 0 699 798 799
1386 3 0 700 800 701
1387 3 0 701 800 801
1388 3 0 701 801 702
1389 3 0 702 801 802
1390 3 0 702 802 703
1391 3 0 703 802 803
1392 3 0 703 803 704
1393 3 0 704 803 804
1394 3 0 704 804 705
1395 3 0 705 804 805
1396 3 0 705 805 706
1397 3 0 706 805 806
1398 3 0 706 806 707
1399 3 0 707 806 807
1400 3 0 707 807 708
1401 3 0 708 807 808
1402 3 0 708 808 709
1403 3 0 709 808 809
1404 3 0 709 809 710
1405 3 0 710 809 810
1406 3 0 710 810 711
1407 3 0 711 810 811
1408 3 0 711 811 712
1409 3 0 712 811 812
1410 3 0 712 812 713
1411 3 0 713 812 813
1412 3 0 713 813 714
1413 3 0 714 813 814
1414 3 0 714 814 715
1415 3 0 715 814 815
1416 3 0 715 815 716
1417 3 0 716 815 816
1418 3 0 716 816 717
1419 3 0 717 816 817
1420 3 0 717 817 718
1421 3 0 718 817 818
1422 3 0 718 818 719
1423 3 0 719 818 819
1424 3 0 719 819 720
1425 3 0 720 819 820
1426 3 0 720 820 721
1427 3 0 721 820 821
1428 3 0 721 821 722
1429 3 0 722 821 822
1430 3 0 722 822 723
1431 3 0 723 822 823
1432 3 0 723 823 724
1433 3 0 724 823 824
1434 3 0 724 824 725
1435 3 0 725 824 825
1436 3 0 725 825 726
1437 3 0 726 825 826
1438 3 0 726 826 727
1439 3 0 727 826 827
1440 3 0 727 827 728
1441 3 0 728 827 828
1442 3 0 728 828 729
1443 3 0 729 828 829
1444 3 0 729 829 730
1445 3 0 730 829 830
1446 3 0 730 830 731
1447 3 0 731 830 831
1448 3 0 731 831 732
1449 3 0 732 831 832
1450 3 0 732 832 733
1451 3 0 733 832 833
1452 3 0 733 833 734
1453 3 0 734 833 834
1454 3 0 734 834 735
1455 3 0 735 834 835
1456 3 0 735 835 736
1457 3 0 736 835 836
1458 3 0 736 836 737
1459 3 0 737 836 837
1460 3 0 737 837 738
1461 3 0 738 837 838
1462 3 0 738 838 739
1463 3 0 739 838 839
1464 3 0 739 839 740
1465 3 0 740 839 840
1466 3 0 740 840 741
1467 3 0 741 840 841
1468 3 0 741 841 742
1469 3 0 742 841 842
1470 3 0 742 842 743
1471 3 0 743 842 843
1472 3 0 743 843 744
1473 3 0 744 843 844
1474 3 0 744 844 745
1475 3 0 745 844 845
1476 3 0 745 845 746
1477 3 0 746 845 846
1478 3 0 746 846 747
1479 3 0 747 846 847
1480 3 0 747 847 748
1481 3 0 748 847 848
1482 3 0 748 848 749
1483 3 0 749 848 849
1484 3 0 749 849 750
1485 3 0 750 849 850
1486 3 0 750 850 751
1487 3 0 751 850 851
1488 3 0 751 851 752
1489 3 0 752 851 852
1490 3 0 752 852 753
1491 3 0 753 852 853
1492 3 0 753 853 754
1493 3 0 754 853 854
1494 3 0 754 854 755
1495 3 0 755 854 855
1496 3 0 755 855 756
1497 3 0 756 855 856
1498 3 0 756 856 757
1499 3 0 757 856 857
1500 3 0 757 857 758
1501 3 0 758 857 858
1502 3 0 758 858 759
1503 3 0 759 858 859
1504 3 0 759 859 760
1505 3 0 760 859 860
1506 3 0 760 860 761
1507 3 0 761 860 861
1508 3 0 761 861 762
1509 3 0 762 861 862
1510 3 0 762 862 763
1511 3 0 763 862 863
1512 3 0 763 863 764
1513 3 0 764 863 864
1514 3 0 764 864 765
1515 3 0 765 864 865
1516 3 0 765 865 766
1517 3 0 766 865 866
1518 3 0 766 866 767
1519 3 0 767 866 867
1520 3 0 767 867 768
1521 3 0 768 867 868
1522 3 0 768 868 769
1523 3 0 769 868 869
1524 3 0 769 869 770
1525 3 0 770 869 870
1526 3 0 770 870 771
1527 3 0 771 870 871
1528 3 0 771 871 772
1529 3 0 772 871 872
1530 3 0 772 872 773
1531 3 0 773 872 873
1532 3 0 773 873 774
1533 3 0 774 873 874
1534 3 0 774 874 775
1535 3 0 775 874 875
1536 3 0 775 875 776
1537 3 0 776 875 876
1538 3 0 776 876 777
1539 3 0 777 876 877
1540 3 0 777 877 778
1541 3 0 778 877 878
1542 3 0 778 878 779
1543 3 0 779 878 879
1544 3 0 779 879 780
1545 3 0 780 879 880
1546 3 0 780 880 781
1547 3 0 781 880 881
1548 3 0 781 881 782
1549 3 0 782 881 882
1550 3 0 782 882 783
1551 3 0 783 882 883
1552 3 0 783 883 784
1553 3 0 784 883 884
1554 3 0 784 884 785
1555 3 0 785 884 885
1556 3 0 785 885 786
1557 3 0 786 885 886
1558 3 0 786 886 787
1559 3 0 787 886 887
1560 3 0 787 887 788
1561 3 0 788 887 888
1562 3 0 788 888 789
1563 3 0 789 888 889
1564 3 0 789 889 790
1565 3 0 790 889 890
1566 3 0 790 890 791
1567 3 0 791 890 891
1568 3 0 791 891 792
1569 3 0 792 891 892
1570 3 0 792 892 793
1571 3 0 793 892 893
1572 3 0 793 893 794
1573 3 0 794 893 894
1574 3 0 794 894 795
1575 3 0 795 894 895
1576 3 0 795 895 796
1577 3 0 796 895 896
1578 3 0 796 896 797
1579 3 0 797 896 897
1580 3 0 797 897 798
1581 3 0 798 897 898
1582 3 0 798 898 799
1583 3 0 799 898 899
1584 3 0 800 900 801
1585 3 0 801 900 901
1586 3 0 801 901 802
1587 3 0 802 901 902
1588 3 0 802 902 803
1589 3 0 803 902 903
1590 3 0 803 903 804
1591 3 0 804 903 904
1592 3 0 804 904 805
1593 3 0 805 904 905
1594 3 0 805 905 806
1595 3 0 806 905 906
1596 3 0 806 906 807
1597 3 0 807 906 907
1598 3 0 807 907 808
1599 3 0 808 907 908
1600 3 0 808 908 809
1601 3 0 809 908 909
1602 3 0 809 909 810
1603 3 0 810 909 910
1604 3 0 810 910 811
1605 3 0 811 910 911
1606 3 0 811 911 812
1607 3 0 812 911 912
1608 3 0 812 912 813
1609 3 0 813 912 913
1610 3 0 813 913 814
1611 3 0 814 913 914
1612 3 0 814 914 815
1613 3 0 815 914 915
1614 3 0 815 915 816
1615 3 0 816 915 916
1616 3 0 816 916 817
1617 3 0 817 916 917
1618 3 0 817 917 818
1619 3 0 818 917 918
1620 3 0 818 918 819
1621 3 0 819 918 919
1622 3 0 819 919 820
1623 3 0 820 919 920
1624 3 0 820 920 821
1625 3 0 821 920 921
1626 3 0 821 921 822
1627 3 0 822 921 922
1628 3 0 822 922 823
1629 3 0 823 922 923
1630 3 0 823 923 824
1631 3 0 824 923 924
1632 3 0 824 924 825
1633 3 0 825 924 925
1634 3 0 825 925 826
1635 3 0 826 925 926
1636 3 0 826 926 827
1637 3 0 827 926 927
1638 3 0 827 927 828
1639 3 0 828 927 928
1640 3 0 828 928 829
1641 3 0 829 928 929
1642 3 0 829 929 830
1643 3 0 830 929 930
1644 3 0 830 930 831
1645 3 0 831 930 931
1646 3 0 831 931 832
1647 3 0 832 931 932
1648 3 0 832 932 833
1649 3 0 833 932 933
1650 3 0 833 933 834
1651 3 0 834 933 934
1652 3 0 834 934 835
1653 3 0 835 934 935
1654 3 0 835 935 836
1655 3 0 836 935 936
1656 3 0 836 936 837
1657 3 0 837 936 937
1658 3 0 837 937 838
1659 3 0 838 937 938
1660 3 0 838 938 839
1661 3 0 839 938 939
1662 3 0 839 939 840
1663 3 0 840 939 940
1664 3 0 840 940 841
1665 3 0 841 940 941
1666 3 0 841 941 842
1667 3 0 842 941 942
1668 3 0 842 942 843
1669 3 0 843 942 943
1670 3 0 843 943 844
1671 3 0 844 943 944
1672 3 0 844 944 845
1673 3 0 845 944 945
1674 3 0 845 945 846
1675 3 0 846 945 946
1676 3 0 846 946 847
1677 3 0 847 946 947
1678 3 0 847 947 848
1679 3 0 848 947 948
1680 3 0 848 948 849
1681 3 0 849 948 949
1682 3 0 849 949 850
1683 3 0 850 949 950
1684 3 0 850 950 851
1685 3 0 851 950 951
1686 3 0 851 951 852
1687 3 0 852 951 952
1688 3 0 852 952 853
1689 3 0 853 952 953
1690 3 0 853 953 854
1691 3 0 854 953 954
1692 3 0 854 954 855
1693 3 0 855 954 955
1694 3 0 855 955 856
1695 3 0 856 955 956
1696 3 0 856 956 857
1697 3 0 857 956 957
1698 3 0 857 957 858
1699 3 0 858 957 958
1700 3 0 858 958 859
1701 3 0 859 958 959
1702 3 0 859 959 860
1703 3 0 860 959 960
1704 3 0 860 960 861
1705 3 0 861 960 961
1706 3 0 861 961 862
1707 3 0 862 961 962
1708 3 0 862 962 863
1709 3 0 863 962 963
1710 3 0 863 963 864
1711 3 0 864 963 964
1712 3 0 864 964 865
1713 3 0 865 964 965
1714 3 0 865 965 866
1715 3 0 866 965 966
1716 3 0 866 966 867
1717 3 0 867 966 967
1718 3 0 867 967 868
1719 3 0 868 967 968
1720 3 0 868 968 869
1721 3 0 869 968 969
1722 3 0 869 969 870
1723 3 0 870 969 970
1724 3 0 870 970 871
1725 3 0 871 970 971
1726 3 0 871 971 872
1727 3 0 872 971 972
1728 3 0 872 972 873
1729 3 0 873 972 973
1730 3 0 873 973 874
1731 3 0 874 973 974
1732 3 0 874 974 875
1733 3 0 875 974 975
1734 3 0 875 975 876
1735 3 0 876 975 976
1736 3 0 876 976 877
1737 3 0 877 976 977
1738 3 0 877 977 878
1739 3 0 878 977 978
1740 3 0 878 978 879
1741 3 0 879 978 979
1742 3 0 879 979 880
1743 3 0 880 979 980
1744 3 0 880 980 881
1745 3 0 881 980 981
1746 3 0 881 981 882
1747 3 0 882 981 982
1748 3 0 882 982 883
1749 3 0 883 982 983
1750 3 0 883 983 884
1751 3 0 884 983 984
1752 3 0 884 984 885
1753 3 0 885 984 985
1754 3 0 885 985 886
1755 3 0 886 985 986
1756 3 0 886 986 887
1757 3 0 887 986 987
1758 3 0 887 987 888
1759 3 0 888 987 988
1760 3 0 888 988 889
1761 3 0 889 988 989
1762 3 0 889 989 890
1763 3 0 890 989 990
1764 3 0 890 990 891
1765 3 0 891 990 991
1766 3 0 891 991 892
1767 3 0 892 991 992
1768 3 0 892 992 893
1769 3 0 893 992 993
1770 3 0 893 993 894
1771 3 0 894 993 994
1772 3 0 894 994 895
1773 3 0 895 994 995
1774 3 0 895 995 896
1775 3 0 896 995 996
1776 3 0 896 996 897
1777 3 0 897 996 997
1778 3 0 897 997 898
1779 3 0 898 997 998
1780 3 0 898 998 899
1781 3 0 899 998 999
1782 3 0 900 1000 901
1783 3 0 901 1000 1001
1784 3 0 901 1001 902
1785 3 0 902 1001 1002
1786 3 0 902 1002 903
1787 3 0 903 1002 1003
1788 3 0 903 1003 904
1789 3 0 904 1003 1004
1790 3 0 904 1004 905
1791 3 0 905 1004 1005
1792 3 0 905 1005 906
1793 3 0 906 1005 1006
1794 3 0 906 1006 907
1795 3 0 907 1006 1007
1796 3 0 907 1007 908
1797 3 0 908 1007 1008
1798 3 0 908 1008 909
1799 3 0 909 1008 1009
1800 3 0 909 1009 910
1801 3 0 910 1009 1010
1802 3 0 910 1010 911
1803 3 0 911 1010 1011
1804 3 0 911 1011 912
1805 3 0 912 1011 1012
1806 3 0 912 1012 913
1807 3 0 913 1012 1013
1808 3 0 913 1013 914
1809 3 0 914 1013 1014
1810 3 0 914 1014 915
1811 3 0 915 1014 1015
1812 3 0 915 1015 916
1813 3 0 916 1015 1016
1814 3 0 916 1016 917
1815 3 0 917 1016 1017
1816 3 0 917 1017 918
1817 3 0 918 1017 1018
1818 3 0 918 1018 919
1819 3 0 919 1018 1019
1820 3 0 919 1019 920
1821 3 0 920 1019 1020
1822 3 0 920 1020 921
1823 3 0 921 1020 1021
1824 3 0 921 1021 922
1825 3 0 922 1021 1022
1826 3 0 922 1022 923
1827 3 0 923 1022 1023
1828 3 0 923 1023 924
1829 3 0 924 1023 1024
1830 3 0 924 1024 925
1831 3 0 925 1024 1025
1832 3 0 925 1025 926
1833 3 0 926 1025 1026
1834 3 0 926 1026 927
1835 3 0 927 1026 1027
1836 3 0 927 1027 928
1837 3 0 928 1027 1028
1838 3 0 928 1028 929
1839 3 0 929 1028 1029
1840 3 0 929 1029 930
1841 3 0 930 1029 1030
1842 3 0 930 1030 931
1843 3 0 931 1030 1031
1844 3 0 931 1031 932
1845 3 0 932 1031 1032
1846 3 0 932 1032 933
1847 3 0 933 1032 1033
1848 3 0 933 1033 934
1849 3 0 934 1033 1034
1850 3 0 934 1034 935
1851 3 0 935 1034 1035
1852 3 0 935 1035 936
1853 3 0 936 1035 1036
1854 3 0 936 1036 937
1855 3 0 937 1036 1037
1856 3 0 937 1037 938
1857 3 0 938 1037 1038
1858 3 0 938 1038 939
1859 3 0 939 1038 1039
1860 3 0 939 1039 940
1861 3 0 940 1039 1040
1862 3 0 940 1040 941
1863 3 0 941 1040 1041
1864 3 0 941 1041 942
1865 3 0 942 1041 1042
1866 3 0 942 1042 943
1867 3 0 943 1042 1043
1868 3 0 943 1043 944
1869 3 0 944 1043 1044
1870 3 0 944 1044 945
1871 3 0 945 1044 1045
1872 3 0 945 1045 946
1873 3 0 946 1045 1046
1874 3 0 946 1046 947
1875 3 0 947 1046 1047
1876 3 0 947 1047 948
1877 3 0 948 1047 1048
1878 3 0 948 1048 949
1879 3 0 949 1048 1049
1880 3 0 949 1049 950
1881 3 0 950 1049 1050
1882 3 0 950 1050 951
1883 3 0 951 1050 1051
1884 3 0 951 1051 952
1885 3 0 952 1051 1052
1886 3 0 952 1052 953
1887 3 0 953 1052 1053
1888 3 0 953 1053 954
1889 3 0 954 1053 1054
1890 3 0 954 1054 955
1891 3 0 955 1054 1055
1892 3 0 955 1055 956
1893 3 0 956 1055 1056
1894 3 0 956 1056 957
1895 3 0 957 1056 1057
1896 3 0 957 1057 958
1897 3 0 958 1057 1058
1898 3 0 958 1058 959
1899 3 0 959 1058 1059
1900 3 0 959 1059 960
1901 3 0 960 1059 1060
1902 3 0 960 1060 961
1903 3 0 961 1060 1061
1904 3 0 961 1061 962
1905 3 0 962 1061 1062
1906 3 0 962 1062 963
1907 3 0 963 1062 1063
1908 3 0 963 1063 964
1909 3 0 964 1063 1064
1910 3 0 964 1064 965
1911 3 0 965 1064 1065
1912 3 0 965 1065 966
1913 3 0 966 1065 1066
1914 3 0 966 1066 967
1915 3 0 967 1066 1067
1916 3 0 967 1067 968
1917 3 0 968 1067 1068
1918 3 0 968 1068 969
1919 3 0 969 1068 1069
1920 3 0 969 1069 970
1921 3 0 970 1069 1070
1922 3 0 970 1070 971
1923 3 0 971 1070 1071
1924 3 0 971 1071 972
1925 3 0 972 1071 1072
1926 3 0 972 1072 973
1927 3 0 973 1072 1073
1928 3 0 973 1073 974
1929 3 0 974 1073 1074
1930 3 0 974 1074 975
1931 3 0 975 1074 1075
1932 3 0 975 1075 976
1933 3 0 976 1075 1076
1934 3 0 976 1076 977
1935 3 0 977 1076 1077
1936 3 0 977 1077 978
1937 3 0 978 1077 1078
1938 3 0 978 1078 979
1939 3 0 979 1078 1079
1940 3 0 979 1079 980
1941 3 0 980 1079 1080
1942 3 0 980 1080 981
1943 3 0 981 1080 1081
1944 3 0 981 1081 982
1945 3 0 982 1081 1082
1946 3 0 982 1082 983
1947 3 0 983 1082 1083
1948 3 0 983 1083 984
1949 3 0 984 1083 1084
1950 3 0 984 1084 985
1951 3 0 985 1084 1085
1952 3 0 985 1085 986
1953 3 0 986 1085 1086
1954 3 0 986 1086 987
1955 3 0 987 1086 1087
1956 3 0 987 1087 988
1957 3 0 988 1087 1088
1958 3 0 988 1088 989
1959 3 0 989 1088 1089
1960 3 0 989 1089 990
1961 3 0 990 1089 1090
1962 3 0 990 1090 991
1963 3 0 991 1090 1091
1964 3 0 991 1091 992
1965 3 0 992 1091 1092
1966 3 0 992 1092 993
1967 3 0 993 1092 1093
1968 3 0 993 1093 994
1969 3 0 994 1093 1094
1970 3 0 994 1094 995
1971 3 0 995 1094 1095
1972 3 0 995 1095 996
1973 3 0 996 1095 1096
1974 3 0 996 1096 997
1975 3 0 997 1096 1097
1976 3 0 997 1097 998
1977 3 0 998 1097 1098
1978 3 0 998 1098 999
1979 3 0 999 1098 1099
1980 3 0 1000 1100 1001
1981 3 0 1001 1100 1101
1982 3 0 1001 1101 1002
1983 3 0 1002 1101 1102
1984 3 0 1002 1102 1003
1985 3 0 1003 1102 1103
1986 3 0 1003 1103 1004
1987 3 0 1004 1103 1104
1988 3 0 1004 1104 1005
1989 3 0 1005 1104 1105
1990 3 0 1005 1105 1006
1991 3 0 1006 1105 1106
1992 3 0 1006 1106 1007
1993 3 0 1007 1106 1107
1994 3 0 1007 1107 1008
1995 3 0 1008 1107 1108
1996 3 0 1008 1108 1009
1997 3 0 1009 1108 1109
1998 3 0 1009 1109 1010
1999 3 0 1010 1109 1110
2000 3 0 1010 1110 1011
2001 3 0 1011 1110 1111
2002 3 0 1011 1111 1012
2003 3 0 1012 1111 1112
2004 3 0 1012 1112 1013
2005 3 0 1013 1112 1113
2006 3 0 1013 1113 1014
2007 3 0 1014 1113 1114
2008 3 0 1014 1114 1015
2009 3 0 1015 1114 1115
2010 3 0 1015 1115 1016
2011 3 0 1016 1115 1116
2012 3 0 1016 1116 1017
2013 3 0 1017 1116 1117
2014 3 0 1017 1117 1018
2015 3 0 1018 1117 1118
2016 3 0 1018 1118 1019
2017 3 0 1019 1118 1119
2018 3 0 1019 1119 1020
2019 3 0 1020 1119 1120
2020 3 0 1020 1120 1021
2021 3 0 1021 1120 1121
2022 3 0 1021 1121 1022
2023 3 0 1022 1121 1122
2024 3 0 1022 1122 1023
2025 3 0 1023 1122 1123
2026 3 0 1023 1123 1024
2027 3 0 1024 1123 1124
2028 3 0 1024 1124 1025
2029 3 0 1025 1124 1125
2030 3 0 1025 1125 1026
2031 3 0 1026 1125 1126
2032 3 0 1026 1126 1027
2033 3 0 1027 1126 1127
2034 3 0 1027 1127 1028
2035 3 0 1028 1127 1128
2036 3 0 1028 1128 1029
2037 3 0 1029 1128 1129
2038 3 0 1029 1129 1030
2039 3 0 1030 1129 1130
2040 3 0 1030 1130 1031
2041 3 0 1031 1130 1131
2042 3 0 1031 1131 1032
2043 3 0 1032 1131 1132
2044 3 0 1032 1132 1033
2045 3 0 1033 1132 1133
2046 3 0 1033 1133 1034
2047 3 0 1034 1133 1134
2048 3 0 1034 1134 1035
2049 3 0 1035 1134 1135
2050 3 0 1035 1135 1036
2051 3 0 1036 1135 1136
2052 3 0 1036 1136 1037
2053 3 0 1037 1136 1137
2054 3 0 1037 1137 1038
2055 3 0 1038 1137 1138
2056 3 0 1038 1138 1039
2057 3 0 1039 1138 1139
2058 3 0 1039 1139 1040
2059 3 0 1040 1139 1140
2060 3 0 1040 1140 1041
2061 3 0 1041 1140 1141
2062 3 0 1041 1141 1042
2063 3 0 1042 1141 1142
2064 3 0 1042 1142 1043
2065 3 0 1043 1142 1143
2066 3 0 1043 1143 1044
2067 3 0 1044 1143 1144
2068 3 0 1044 1144 1045
2069 3 0 1045 1144 1145
2070 3 0 1045 1145 1046
2071 3 0 1046 1145 1146
2072 3 0 1046 1146 1047
2073 3 0 1047 1146 1147
2074 3 0 1047 1147 1048
2075 3 0 1048 1147 1148
2076 3 0 1048 1148 1049
2077 3 0 1049 1148 1149
2078 3 0 1049 1149 1050
2079 3 0 1050 1149 1150
2080 3 0 1050 1150 1051
2081 3 0 1051 1150 1151
2082 3 0 1051 1151 1052
2083 3 0 1052 1151 1152
2084 3 0 1052 1152 1053
2085 3 0 1053 1152 1153
2086 3 0 1053 1153 1054
2087 3 0 1054 1153 1154
2088 3 0 1054 1154 1055
2089 3 0 1055 1154 1155
2090 3 0 1055 1155 1056
2091 3 0 1056 1155 1156
2092 3 0 1056 1156 1057
2093 3 0 1057 1156 1157
2094 3 0 1057 1157 1058
2095 3 0 1058 1157 1158
2096 3 0 1058 1158 1059
2097 3 0 1059 1158 1159
2098 3 0 1059 1159 1060
2099 3 0 1060 1159 1160
2100 3 0 1060 1160 1061
2101 3 0 1061 1160 1161
2102 3 0 1061 1161 1062
2103 3 0 1062 1161 1162
2104 3 0 1062 1162 1063
2105 3 0 1063 1162 1163
2106 3 0 1063 1163 1064
2107 3 0 1064 1163 1164
2108 3 0 1064 1164 1065
2109 3 0 1065 1164 1165
2110 3 0 1065 1165 1066
2111 3 0 1066 1165 1166
2112 3 0 1066 1166 1067
2113 3 0 1067 1166 1167
2114 3 0 1067 1167 1068
2115 3 0 1068 1167 1168
2116 3 0 1068 1168 1069
2117 3 0 1069 1168 1169
2118 3 0 1069 1169 1070
2119 3 0 1070 1169 1170
2120 3 0 1070 1170 1071
2121 3 0 1071 1170 1171
2122 3 0 1071 1171 1072
2123 3 0 1072 1171 1172
2124 3 0 1072 1172 1073
2125 3 0 1073 1172 1173
2126 3 0 1073 1173 1074
2127 3 0 1074 1173 1174
2128 3 0 1074 1174 1075
2129 3 0 1075 1174 1175
2130 3 0 1075 1175 1076
2131 3 0 1076 1175 1176
2132 3 0 1076 1176 1077
2133 3 0 1077 1176 1177
2134 3 0 1077 1177 1078
2135 3 0 1078 1177 1178
2136 3 0 1078 1178 1079
2137 3 0 1079 1178 1179
2138 3 0 1079 1179 1080
2139 3 0 1080 1179 1180
2140 3 0 1080 1180 1081
2141 3 0 1081 1180 1181
2142 3 0 1081 1181 1082
2143 3 0 1082 1181 1182
2144 3 0 1082 1182 1083
2145 3 0 1083 1182 1183
2146 3 0 1083 1183 1084
2147 3 0 1084 1183 1184
2148 3 0 1084 1184 1085
2149 3 0 1085 1184 1185
2150 3 0 1085 1185 1086
2151 3 0 1086 1185 1186
2152 3 0 1086 1186 1087
2153 3 0 1087 1186 1187
2154 3 0 1087 1187 1088
2155 3 0 1088 1187 1188
2156 3 0 1088 1188 1089
2157 3 0 1089 1188 1189
2158 3 0 1089 1189 1090
2159 3 0 1090 1189 1190
2160 3 0 1090 1190 1091
2161 3 0 1091 1190 1191
2162 3 0 1091 1191 1092
2163 3 0 1092 1191 1192
2164 3 0 1092 1192 1093
2165 3 0 1093 1192 1193
2166 3 0 1093 1193 1094
2167 3 0 1094 1193 1194
2168 3 0 1094 1194 1095
2169 3 0 1095 1194 1195
2170 3 0 1095 1195 1096
2171 3 0 1096 1195 1196
2172 3 0 1096 1196 1097
2173 3 0 1097 1196 1197
2174 3 0 1097 1197 1098
2175 3 0 1098 1197 1198
2176 3 0 1098 1198 1099
2177 3 0 1099 1198 1199
