0 10.046401 -158.400664
1 39.905532 -315.223280
2 78.713292 -310.565924
3 115.412099 -303.051081
4 149.150857 -293.021611
5 179.289022 -280.906505
6 205.419388 -267.181119
7 227.364099 -252.328621
8 245.149258 -236.807414
9 258.965827 -221.027300
10 269.124747 -205.335107
11 276.012891 -190.008938
12 280.054362 -175.259216
13 281.679511 -161.234420
14 281.302274 -148.029495
15 279.305215 -135.695330
16 276.031030 -124.248141
17 271.779016 -113.678032
18 266.805091 -103.956376
19 261.324121 -95.041887
20 255.513601 -86.885430
21 249.517978 -79.433700
22 243.453125 -72.631943
23 237.410647 -66.425892
24 231.461859 -60.763091
25 225.661314 -55.593742
26 220.049889 -50.871204
27 214.657409 -46.552228
28 209.504867 -42.597018
29 204.606265 -38.969167
30 199.970137 -35.635504
31 195.600794 -32.565901
32 191.499332 -29.733049
33 187.664450 -27.112222
34 184.093107 -24.681040
35 180.781041 -22.419244
36 177.723189 -20.308477
37 174.914014 -18.332076
38 172.347765 -16.474888
39 170.018677 -14.723094
40 167.921133 -13.064046
41 166.049780 -11.486121
42 164.399627 -9.978591
43 162.966114 -8.531493
44 161.745167 -7.135521
45 160.733237 -5.781920
46 159.927330 -4.462389
47 159.325032 -3.168989
48 158.924518 -1.894059
49 158.724567 -0.630135
50 158.724567 0.630135
51 158.924518 1.894059
52 159.325032 3.168989
53 159.927330 4.462389
54 160.733237 5.781920
55 161.745167 7.135521
56 162.966114 8.531493
57 164.399627 9.978591
58 166.049780 11.486121
59 167.921133 13.064046
60 170.018677 14.723094
61 172.347765 16.474888
62 174.914014 18.332076
63 177.723189 20.308477
64 180.781041 22.419244
65 184.093107 24.681040
66 187.664450 27.112222
67 191.499332 29.733049
68 195.600794 32.565901
69 199.970137 35.635504
70 204.606265 38.969167
71 209.504867 42.597018
72 214.657409 46.552228
73 220.049889 50.871204
74 225.661314 55.593742
75 231.461859 60.763091
76 237.410647 66.425892
77 243.453125 72.631943
78 249.517978 79.433700
79 255.513601 86.885430
80 261.324121 95.041887
81 266.805091 103.956376
82 271.779016 113.678032
83 276.031030 124.248141
84 279.305215 135.695330
85 281.302274 148.029495
86 281.679511 161.234420
87 280.054362 175.259216
88 276.012891 190.008938
89 269.124747 205.335107
90 258.965827 221.027300
91 245.149258 236.807414
92 227.364099 252.328621
93 205.419388 267.181119
94 179.289022 280.906505
95 149.150857 293.021611
96 115.412099 303.051081
97 78.713292 310.565924
98 39.905532 315.223280
99 10.046401 158.400664
