0 0.00000000 -100.00000000 -1 0
1 3.16801328 -99.79907198 0 0
2 6.30446559 -99.20188937 0 0
3 9.37933177 -98.22480615 0 0
4 12.36548722 -96.89364738 0 0
5 15.23976399 -95.24178901 0 0
6 17.98361732 -93.30786694 0 0
7 20.58338637 -91.13340124 0 0
8 23.03018974 -88.76058496 0 0
9 25.31953466 -86.23041609 0 0
10 27.45073573 -83.58126842 0 0
11 29.42623680 -80.84792114 0 0
12 31.25091449 -78.06101059 0 0
13 32.93142112 -75.24683390 0 0
14 34.47560289 -72.42742037 0 0
15 35.89201102 -69.62078842 0 0
16 37.18950950 -66.84131607 0 0
17 38.37697384 -64.10016782 0 0
18 39.46307014 -61.40573574 0 0
19 40.45610136 -58.76406599 0 0
20 41.36390787 -56.17925332 0 0
21 42.19380995 -53.65379397 0 0
22 42.95258187 -51.18889375 0 0
23 43.64644881 -48.78473148 0 0
24 44.28109971 -46.44068081 0 0
25 44.86171063 -44.15549431 0 0
26 45.39297456 -41.92745452 0 0
27 45.87913471 -39.75449652 0 0
28 46.32401911 -37.63430634 0 0
29 46.73107507 -35.56439919 0 0
30 47.10340245 -33.54218104 0 0
31 47.44378515 -31.56499645 0 0
32 47.75472048 -29.63016517 0 0
33 48.03844614 -27.73500981 0 0
34 48.29696492 -25.87687616 0 0
35 48.53206694 -24.05314768 0 0
36 48.74534980 -22.26125535 0 0
37 48.93823648 -20.49868390 0 0
38 49.11199132 -18.76297507 0 0
39 49.26773425 -17.05172861 0 0
40 49.40645321 -15.36260152 0 0
41 49.52901516 -13.69330594 0 0
42 49.63617564 -12.04160592 0 0
43 49.72858698 -10.40531340 0 0
44 49.80680549 -8.78228363 0 0
45 49.87129741 -7.17041006 0 0
46 49.92244390 -5.56761890 0 0
47 49.96054518 -3.97186345 0 0
48 49.98582368 -2.38111825 0 0
49 49.99842637 -0.79337309 0 0
50 49.99842637 0.79337309 0 0
51 49.98582368 2.38111825 0 0
52 49.96054518 3.97186345 0 0
53 49.92244390 5.56761890 0 0
54 49.87129741 7.17041006 0 0
55 49.80680549 8.78228363 0 0
56 49.72858698 10.40531340 0 0
57 49.63617564 12.04160592 0 0
58 49.52901516 13.69330594 0 0
59 49.40645321 15.36260152 0 0
60 49.26773425 17.05172861 0 0
61 49.11199132 18.76297507 0 0
62 48.93823648 20.49868390 0 0
63 48.74534980 22.26125535 0 0
64 48.53206694 24.05314768 0 0
65 48.29696492 25.87687616 0 0
66 48.03844614 27.73500981 0 0
67 47.75472048 29.63016517 0 0
68 47.44378515 31.56499645 0 0
69 47.10340245 33.54218104 0 0
70 46.73107507 35.56439919 0 0
71 46.32401911 37.63430634 0 0
72 45.87913471 39.75449652 0 0
73 45.39297456 41.92745452 0 0
74 44.86171063 44.15549431 0 0
75 44.28109971 46.44068081 0 0
76 43.64644881 48.78473148 0 0
77 42.95258187 51.18889375 0 0
78 42.19380995 53.65379397 0 0
79 41.36390787 56.17925332 0 0
80 40.45610136 58.76406599 0 0
81 39.46307014 61.40573574 0 0
82 38.37697384 64.10016782 0 0
83 37.18950950 66.84131607 0 0
84 35.89201102 69.62078842 0 0
85 34.47560289 72.42742037 0 0
86 32.93142112 75.24683390 0 0
87 31.25091449 78.06101059 0 0
88 29.42623680 80.84792114 0 0
89 27.45073573 83.58126842 0 0
90 25.31953466 86.23041609 0 0
91 23.03018974 88.76058496 0 0
92 20.58338637 91.13340124 0 0
93 17.98361732 93.30786694 0 0
94 15.23976399 95.24178901 0 0
95 12.36548722 96.89364738 0 0
96 9.37933177 98.22480615 0 0
97 6.30446559 99.20188937 0 0
98 3.16801328 99.79907198 0 0
99 0.00000000 100.00000000 -1 0
100 0.00000000 -102.27272727 -1 0
101 3.24014762 -102.07145529 0 0
102 6.44881372 -101.47323288 0 0
103 9.59605078 -100.49439028 0 0
104 12.65480831 -99.16071337 0 0
105 15.60198718 -97.50552383 0 0
106 18.41910449 -95.56738892 0 0
107 21.09255270 -93.38774651 0 0
108 23.61349365 -91.00869480 0 0
109 25.97746631 -88.47112550 0 0
110 28.18380425 -85.81329591 0 0
111 30.23495639 -83.06985995 0 0
112 32.13578947 -80.27132144 0 0
113 33.89293016 -77.44383934 0 0
114 35.51418256 -74.60930089 0 0
115 37.00803880 -71.78558030 0 0
116 38.38328652 -68.98691110 0 0
117 39.64870744 -66.22431491 0 0
118 40.81285649 -63.50604431 0 0
119 41.88390837 -60.83801140 0 0
120 42.86955845 -58.22418403 0 0
121 43.77696596 -55.66694061 0 0
122 44.61272884 -53.16737987 0 0
123 45.38288165 -50.72558606 0 0
124 46.09290958 -48.34085231 0 0
125 46.74777308 -46.01186622 0 0
126 47.35193917 -43.73686227 0 0
127 47.90941631 -41.51374555 0 0
128 48.42379070 -39.34019130 0 0
129 48.89826256 -37.21372399 0 0
130 49.33568132 -35.13177963 0 0
131 49.73857909 -33.09175411 0 0
132 50.10920207 -31.09104019 0 0
133 50.44953960 -29.12705527 0 0
134 50.76135094 -27.19726166 0 0
135 51.04618964 -25.29918083 0 0
136 51.30542572 -23.43040284 0 0
137 51.54026557 -21.58859183 0 0
138 51.75176999 -19.77148848 0 0
139 51.94087022 -17.97690997 0 0
140 52.10838221 -16.20274802 0 0
141 52.25501927 -14.44696535 0 0
142 52.38140316 -12.70759091 0 0
143 52.48807381 -10.98271418 0 0
144 52.57549761 -9.27047875 0 0
145 52.64407453 -7.56907522 0 0
146 52.69414397 -5.87673377 0 0
147 52.72598959 -4.19171629 0 0
148 52.73984294 -2.51230836 0 0
149 52.73588613 -0.83681099 0 0
150 52.71425345 0.83646773 0 0
151 52.67503201 2.50922104 0 0
152 52.61826137 4.18315189 0 0
153 52.54393224 5.85998135 0 0
154 52.45198415 7.54145680 0 0
155 52.34230206 9.22936009 0 0
156 52.21471208 10.92551541 0 0
157 52.06897599 12.63179690 0 0
158 51.90478468 14.35013586 0 0
159 51.72175049 16.08252751 0 0
160 51.51939819 17.83103708 0 0
161 51.29715476 19.59780515 0 0
162 51.05433772 21.38505198 0 0
163 50.79014191 23.19508062 0 0
164 50.50362475 25.03027835 0 0
165 50.19368967 26.89311625 0 0
166 49.85906773 28.78614617 0 0
167 49.49829722 30.71199470 0 0
168 49.10970116 32.67335306 0 0
169 48.69136258 34.67296233 0 0
170 48.24109746 36.71359250 0 0
171 47.75642540 38.79801402 0 0
172 47.23453806 40.92896021 0 0
173 46.67226546 43.10907815 0 0
174 46.06604072 45.34086574 0 0
175 45.41186366 47.62659191 0 0
176 44.70526452 49.96819638 0 0
177 43.94126901 52.36716520 0 0
178 43.11436717 54.82437770 0 0
179 42.21848874 57.33992014 0 0
180 41.24698938 59.91286171 0 0
181 40.19265286 62.54098862 0 0
182 39.04771651 65.22049372 0 0
183 37.80392827 67.94562101 0 0
184 36.45264610 70.70826877 0 0
185 34.98499179 73.49756043 0 0
186 33.39207218 76.29940111 0 0
187 31.66528105 79.09604823 0 0
188 29.79669211 81.86573874 0 0
189 27.77954885 84.58242983 0 0
190 25.60884757 87.21572536 0 0
191 23.28199588 89.73107022 0 0
192 20.79951072 92.09029660 0 0
193 18.16569827 94.25259261 0 0
194 15.38923710 96.17592988 0 0
195 12.48357104 97.81893017 0 0
196 9.46701584 99.14307526 0 0
197 6.36250068 100.11508187 0 0
198 3.19690404 100.70919165 0 0
199 0.00000000 100.90909091 -1 0
200 0.00000000 -104.54545455 -1 0
201 3.31228197 -104.34383861 0 0
202 6.59316185 -103.74457638 0 0
203 9.81276978 -102.76397441 0 0
204 12.94412939 -101.42777936 0 0
205 15.96421036 -99.76925865 0 0
206 18.85459166 -97.82691091 0 0
207 21.60171904 -95.64209178 0 0
208 24.19679756 -93.25680464 0 0
209 26.63539795 -90.71183491 0 0
210 28.91687278 -88.04532341 0 0
211 31.04367598 -85.29179877 0 0
212 33.02066445 -82.48163229 0 0
213 34.85443921 -79.64084478 0 0
214 36.55276223 -76.79118141 0 0
215 38.12406658 -73.95037218 0 0
216 39.57706354 -71.13250614 0 0
217 40.92044104 -68.34846199 0 0
218 42.16264285 -65.60635288 0 0
219 43.31171539 -62.91195681 0 0
220 44.37520904 -60.26911475 0 0
221 45.36012198 -57.68008725 0 0
222 46.27287581 -55.14586599 0 0
223 47.11931450 -52.66644064 0 0
224 47.90471944 -50.24102381 0 0
225 48.63383553 -47.86823814 0 0
226 49.31090379 -45.54627001 0 0
227 49.93969792 -43.27299458 0 0
228 50.52356230 -41.04607625 0 0
229 51.06545005 -38.86304879 0 0
230 51.56796019 -36.72137821 0 0
231 52.03337303 -34.61851177 0 0
232 52.46368365 -32.55191521 0 0
233 52.86063305 -30.51910072 0 0
234 53.22573696 -28.51764715 0 0
235 53.56031235 -26.54521399 0 0
236 53.86550163 -24.59955034 0 0
237 54.14229465 -22.67849976 0 0
238 54.39154866 -20.78000188 0 0
239 54.61400620 -18.90209132 0 0
240 54.81031122 -17.04289452 0 0
241 54.98102337 -15.20062476 0 0
242 55.12663069 -13.37357590 0 0
243 55.24756064 -11.56011497 0 0
244 55.34418973 -9.75867387 0 0
245 55.41685165 -7.96774039 0 0
246 55.46584404 -6.18584864 0 0
247 55.49143400 -4.41156912 0 0
248 55.49386221 -2.64349847 0 0
249 55.47334589 -0.88024890 0 0
250 55.43008053 0.87956237 0 0
251 55.36424033 2.63732382 0 0
252 55.27597755 4.39444034 0 0
253 55.16542059 6.15234380 0 0
254 55.03267089 7.91250353 0 0
255 54.87779862 9.67643654 0 0
256 54.70083718 11.44571741 0 0
257 54.50177634 13.22198787 0 0
258 54.28055420 15.00696578 0 0
259 54.03704777 16.80245350 0 0
260 53.77106213 18.61034554 0 0
261 53.48231821 20.43263522 0 0
262 53.17043897 22.27142006 0 0
263 52.83493402 24.12890588 0 0
264 52.47518256 26.00740902 0 0
265 52.09041443 27.90935633 0 0
266 51.67968932 29.83728254 0 0
267 51.24187396 31.79382423 0 0
268 50.77561717 33.78170967 0 0
269 50.27932271 35.80374362 0 0
270 49.75111984 37.86278580 0 0
271 49.18883169 39.96172171 0 0
272 48.58994141 42.10342390 0 0
273 47.95155636 44.29070177 0 0
274 47.27037081 46.52623718 0 0
275 46.54262762 48.81250302 0 0
276 45.76408023 51.15166128 0 0
277 44.92995615 53.54543666 0 0
278 44.03492438 55.99496143 0 0
279 43.07306962 58.50058696 0 0
280 42.03787740 61.06165742 0 0
281 40.92223559 63.67624150 0 0
282 39.71845918 66.34081961 0 0
283 38.41834704 69.04992596 0 0
284 37.01328119 71.79574912 0 0
285 35.49438068 74.56770050 0 0
286 33.85272324 77.35196831 0 0
287 32.07964762 80.13108588 0 0
288 30.16714742 82.88355634 0 0
289 28.10836196 85.58359124 0 0
290 25.89816047 88.20103464 0 0
291 23.53380201 90.70155549 0 0
292 21.01563507 93.04719195 0 0
293 18.34777922 95.19731827 0 0
294 15.53871021 97.11007076 0 0
295 12.60165487 98.74421295 0 0
296 9.55469990 100.06134437 0 0
297 6.42053577 101.02827437 0 0
298 3.22579480 101.61931132 0 0
299 0.00000000 101.81818182 -1 0
300 0.00000000 -106.81818182 -1 0
301 3.38441631 -106.61622192 0 0
302 6.73750997 -106.01591989 0 0
303 10.02948879 -105.03355855 0 0
304 13.23345048 -103.69484534 0 0
305 16.32643355 -102.03299346 0 0
306 19.29007882 -100.08643289 0 0
307 22.11088537 -97.89643705 0 0
308 24.78010147 -95.50491448 0 0
309 27.29332960 -92.95254432 0 0
310 29.64994130 -90.27735090 0 0
311 31.85239557 -87.51373758 0 0
312 33.90553943 -84.69194314 0 0
313 35.81594825 -81.83785022 0 0
314 37.59134189 -78.97306192 0 0
315 39.24009436 -76.11516406 0 0
316 40.77084055 -73.27810118 0 0
317 42.19217464 -70.47260907 0 0
318 43.51242921 -67.70666146 0 0
319 44.73952240 -64.98590222 0 0
320 45.88085962 -62.31404546 0 0
321 46.94327799 -59.69323388 0 0
322 47.93302279 -57.12435211 0 0
323 48.85574734 -54.60729522 0 0
324 49.71652931 -52.14119531 0 0
325 50.51989797 -49.72461005 0 0
326 51.26986840 -47.35567776 0 0
327 51.96997952 -45.03224360 0 0
328 52.62333389 -42.75196121 0 0
329 53.23263754 -40.51237358 0 0
330 53.80023906 -38.31097680 0 0
331 54.32816697 -36.14526943 0 0
332 54.81816524 -34.01279023 0 0
333 55.27172650 -31.91114617 0 0
334 55.69012298 -29.83803264 0 0
335 56.07443505 -27.79124715 0 0
336 56.42557754 -25.76869783 0 0
337 56.74432374 -23.76840768 0 0
338 57.03132733 -21.78851528 0 0
339 57.28714218 -19.82727268 0 0
340 57.51224022 -17.88304102 0 0
341 57.70702747 -15.95428417 0 0
342 57.87185821 -14.03956089 0 0
343 58.00704746 -12.13751576 0 0
344 58.11288185 -10.24686900 0 0
345 58.18962877 -8.36640555 0 0
346 58.23754412 -6.49496350 0 0
347 58.25687841 -4.63142196 0 0
348 58.24788147 -2.77468857 0 0
349 58.21080565 -0.92368680 0 0
350 58.14590761 0.92265700 0 0
351 58.05344866 2.76542660 0 0
352 57.93369374 4.60572878 0 0
353 57.78690893 6.44470625 0 0
354 57.61335763 8.28355027 0 0
355 57.41329519 10.12351299 0 0
356 57.18696228 11.96591942 0 0
357 56.93457669 13.81217885 0 0
358 56.65632372 15.66379569 0 0
359 56.35234505 17.52237948 0 0
360 56.02272607 19.38965401 0 0
361 55.66748165 21.26746529 0 0
362 55.28654021 23.15778813 0 0
363 54.87972613 25.06273115 0 0
364 54.44674038 26.98453969 0 0
365 53.98713919 28.92559641 0 0
366 53.50031090 30.88841890 0 0
367 52.98545070 32.87565375 0 0
368 52.44153318 34.89006628 0 0
369 51.86728284 36.93452491 0 0
370 51.26114222 39.01197911 0 0
371 50.62123798 41.12542939 0 0
372 49.94534476 43.27788759 0 0
373 49.23084727 45.47232540 0 0
374 48.47470089 47.71160861 0 0
375 47.67339157 49.99841412 0 0
376 46.82289593 52.33512617 0 0
377 45.91864329 54.72370811 0 0
378 44.95548160 57.16554515 0 0
379 43.92765049 59.66125378 0 0
380 42.82876541 62.21045313 0 0
381 41.65181831 64.81149438 0 0
382 40.38920185 67.46114551 0 0
383 39.03276581 70.15423091 0 0
384 37.57391628 72.88322947 0 0
385 36.00376958 75.63784056 0 0
386 34.31337430 78.40453552 0 0
387 32.49401418 81.16612352 0 0
388 30.53760273 83.90137395 0 0
389 28.43717508 86.58475265 0 0
390 26.18747338 89.18634392 0 0
391 23.78560815 91.67204076 0 0
392 21.23175941 94.00408731 0 0
393 18.52986016 96.14204394 0 0
394 15.68818332 98.04421163 0 0
395 12.71973869 99.66949573 0 0
396 9.64238397 100.97961349 0 0
397 6.47857086 101.94146686 0 0
398 3.25468556 102.52943099 0 0
399 0.00000000 102.72727273 -1 0
400 0.00000000 -109.09090909 -1 0
401 3.45655065 -108.88860524 0 0
402 6.88185810 -108.28726340 0 0
403 10.24620780 -107.30314268 0 0
404 13.52277157 -105.96191133 0 0
405 16.68865674 -104.29672828 0 0
406 19.72556599 -102.34595488 0 0
407 22.62005170 -100.15078232 0 0
408 25.36340538 -97.75302432 0 0
409 27.95126125 -95.19325374 0 0
410 30.38300982 -92.50937839 0 0
411 32.66111516 -89.73567640 0 0
412 34.79041442 -86.90225399 0 0
413 36.77745730 -84.03485566 0 0
414 38.62992156 -81.15494244 0 0
415 40.35612214 -78.27995594 0 0
416 41.96461757 -75.42369622 0 0
417 43.46390823 -72.59675616 0 0
418 44.86221557 -69.80697003 0 0
419 46.16732942 -67.05984763 0 0
420 47.38651021 -64.35897618 0 0
421 48.52643400 -61.70638052 0 0
422 49.59316976 -59.10283823 0 0
423 50.59218018 -56.54814980 0 0
424 51.52833918 -54.04136681 0 0
425 52.40596042 -51.58098197 0 0
426 53.22883301 -49.16508550 0 0
427 54.00026113 -46.79149263 0 0
428 54.72310548 -44.45784617 0 0
429 55.39982503 -42.16169838 0 0
430 56.03251792 -39.90057539 0 0
431 56.62296090 -37.67202709 0 0
432 57.17264682 -35.47366525 0 0
433 57.68281996 -33.30319163 0 0
434 58.15450900 -31.15841814 0 0
435 58.58855775 -29.03728031 0 0
436 58.98565345 -26.93784533 0 0
437 59.34635283 -24.85831561 0 0
438 59.67110600 -22.79702868 0 0
439 59.96027816 -20.75245404 0 0
440 60.21416923 -18.72318752 0 0
441 60.43303158 -16.70794357 0 0
442 60.61708574 -14.70554588 0 0
443 60.76653429 -12.71491655 0 0
444 60.88157396 -10.73506412 0 0
445 60.96240589 -8.76507072 0 0
446 61.00924419 -6.80407837 0 0
447 61.02232282 -4.85127480 0 0
448 61.00190074 -2.90587868 0 0
449 60.94826542 -0.96712471 0 0
450 60.86173469 0.96575164 0 0
451 60.74265698 2.89352938 0 0
452 60.59140992 4.81701722 0 0
453 60.40839728 6.73706870 0 0
454 60.19404437 8.65459701 0 0
455 59.94879175 10.57058945 0 0
456 59.67308738 12.48612143 0 0
457 59.36737704 14.40236983 0 0
458 59.03209324 16.32062561 0 0
459 58.66764233 18.24230547 0 0
460 58.27439001 20.16896248 0 0
461 57.85264509 22.10229536 0 0
462 57.40264145 24.04415621 0 0
463 56.92451825 25.99655642 0 0
464 56.41829819 27.96167036 0 0
465 55.88386394 29.94183649 0 0
466 55.32093249 31.93955527 0 0
467 54.72902744 33.95748328 0 0
468 54.10744919 35.99842289 0 0
469 53.45524296 38.06530619 0 0
470 52.77116460 40.16117242 0 0
471 52.05364427 42.28913708 0 0
472 51.30074811 44.45235128 0 0
473 50.51013817 46.65394902 0 0
474 49.67903098 48.89698005 0 0
475 48.80415553 51.18432522 0 0
476 47.88171164 53.51859107 0 0
477 46.90733043 55.90197956 0 0
478 45.87603882 58.33612888 0 0
479 44.78223137 60.82192061 0 0
480 43.61965343 63.35924884 0 0
481 42.38140104 65.94674726 0 0
482 41.05994452 68.58147141 0 0
483 39.64718458 71.25853585 0 0
484 38.13455136 73.97070982 0 0
485 36.51315848 76.70798062 0 0
486 34.77402536 79.45710272 0 0
487 32.90838075 82.20116116 0 0
488 30.90805804 84.91919155 0 0
489 28.76598819 87.58591406 0 0
490 26.47678629 90.17165319 0 0
491 24.03741428 92.64252602 0 0
492 21.44788376 94.96098267 0 0
493 18.71194111 97.08676961 0 0
494 15.83765643 98.97835251 0 0
495 12.83782251 100.59477851 0 0
496 9.73006804 101.89788260 0 0
497 6.53660595 102.85465936 0 0
498 3.28357633 103.43955066 0 0
499 0.00000000 103.63636364 -1 0
500 0.00000000 -111.36363636 -1 0
501 3.52868500 -111.16098855 0 0
502 7.02620623 -110.55860690 0 0
503 10.46292681 -109.57272682 0 0
504 13.81209266 -108.22897732 0 0
505 17.05087993 -106.56046310 0 0
506 20.16105316 -104.60547686 0 0
507 23.12921803 -102.40512758 0 0
508 25.94670929 -100.00113417 0 0
509 28.60919289 -97.43396315 0 0
510 31.11607834 -94.74140589 0 0
511 33.46983475 -91.95761521 0 0
512 35.67528940 -89.11256484 0 0
513 37.73896634 -86.23186110 0 0
514 39.66850123 -83.33682295 0 0
515 41.47214992 -80.44474781 0 0
516 43.15839459 -77.56929126 0 0
517 44.73564183 -74.72090324 0 0
518 46.21200193 -71.90727860 0 0
519 47.59513643 -69.13379304 0 0
520 48.89216080 -66.40390689 0 0
521 50.10959002 -63.71952716 0 0
522 51.25331673 -61.08132435 0 0
523 52.32861303 -58.48900438 0 0
524 53.34014904 -55.94153831 0 0
525 54.29202287 -53.43735388 0 0
526 55.18779763 -50.97449325 0 0
527 56.03054274 -48.55074165 0 0
528 56.82287708 -46.16373112 0 0
529 57.56701252 -43.81102318 0 0
530 58.26479679 -41.49017397 0 0
531 58.91775484 -39.19878475 0 0
532 59.52712841 -36.93454027 0 0
533 60.09391341 -34.69523708 0 0
534 60.61889502 -32.47880363 0 0
535 61.10268045 -30.28331347 0 0
536 61.54572936 -28.10699282 0 0
537 61.94838192 -25.94822353 0 0
538 62.31088467 -23.80554208 0 0
539 62.63341414 -21.67763540 0 0
540 62.91609824 -19.56333402 0 0
541 63.15903568 -17.46160298 0 0
542 63.36231326 -15.37153087 0 0
543 63.52602112 -13.29231733 0 0
544 63.65026608 -11.22325924 0 0
545 63.73518301 -9.16373588 0 0
546 63.78094426 -7.11319324 0 0
547 63.78776723 -5.07112763 0 0
548 63.75592000 -3.03706879 0 0
549 63.68572518 -1.01056261 0 0
550 63.57756177 1.00884628 0 0
551 63.43186531 3.02163216 0 0
552 63.24912610 5.02830566 0 0
553 63.02988562 7.02943115 0 0
554 62.77473111 9.02564374 0 0
555 62.48428832 11.01766590 0 0
556 62.15921248 13.00632344 0 0
557 61.80017739 14.99256081 0 0
558 61.40786276 16.97745552 0 0
559 60.98293961 18.96223145 0 0
560 60.52605396 20.94827095 0 0
561 60.03780854 22.93712543 0 0
562 59.51874270 24.93052429 0 0
563 58.96931036 26.93038169 0 0
564 58.38985600 28.93880104 0 0
565 57.78058870 30.95807658 0 0
566 57.14155408 32.99069163 0 0
567 56.47260418 35.03931281 0 0
568 55.77336520 37.10677950 0 0
569 55.04320309 39.19608748 0 0
570 54.28118698 41.31036573 0 0
571 53.48605055 43.45284477 0 0
572 52.65615146 45.62681497 0 0
573 51.78942907 47.83557265 0 0
574 50.88336107 50.08235148 0 0
575 49.93491948 52.37023633 0 0
576 48.94052735 54.70205597 0 0
577 47.89601757 57.08025101 0 0
578 46.79659603 59.50671260 0 0
579 45.63681225 61.98258743 0 0
580 44.41054145 64.50804456 0 0
581 43.11098376 67.08200014 0 0
582 41.73068718 69.70179730 0 0
583 40.26160335 72.36284080 0 0
584 38.69518645 75.05819017 0 0
585 37.02254738 77.77812068 0 0
586 35.23467643 80.50966993 0 0
587 33.32274731 83.23619880 0 0
588 31.27851335 85.93700916 0 0
589 29.09480131 88.58707546 0 0
590 26.76609920 91.15696247 0 0
591 24.28922042 93.61301129 0 0
592 21.66400811 95.91787802 0 0
593 18.89402206 98.03149527 0 0
594 15.98712954 99.91249338 0 0
595 12.95590634 101.52006129 0 0
596 9.81775211 102.81615171 0 0
597 6.59464105 103.76785186 0 0
598 3.31246709 104.34967034 0 0
599 0.00000000 104.54545455 -1 0
600 0.00000000 -113.63636364 -1 0
601 3.60081934 -113.43337187 0 0
602 7.17055436 -112.82995041 0 0
603 10.67964582 -111.84231095 0 0
604 14.10141375 -110.49604331 0 0
605 17.41310311 -108.82419792 0 0
606 20.59654033 -106.86499885 0 0
607 23.63838437 -104.65947285 0 0
608 26.53001320 -102.24924401 0 0
609 29.26712454 -99.67467256 0 0
610 31.84914686 -96.97343338 0 0
611 34.27855434 -94.17955403 0 0
612 36.56016438 -91.32287569 0 0
613 38.70047539 -88.42886654 0 0
614 40.70708090 -85.51870347 0 0
615 42.58817770 -82.60953969 0 0
616 44.35217161 -79.71488629 0 0
617 46.00737543 -76.84505032 0 0
618 47.56178829 -74.00758717 0 0
619 49.02294345 -71.20773845 0 0
620 50.39781138 -68.44883760 0 0
621 51.69274603 -65.73267379 0 0
622 52.91346370 -63.05981046 0 0
623 54.06504587 -60.42985896 0 0
624 55.15195891 -57.84170982 0 0
625 56.17808532 -55.29372580 0 0
626 57.14676224 -52.78390099 0 0
627 58.06082434 -50.30999068 0 0
628 58.92264867 -47.86961608 0 0
629 59.73420001 -45.46034798 0 0
630 60.49707566 -43.07977256 0 0
631 61.21254878 -40.72554241 0 0
632 61.88161000 -38.39541529 0 0
633 62.50500686 -36.08728254 0 0
634 63.08328104 -33.79918913 0 0
635 63.61680316 -31.52934662 0 0
636 64.10580527 -29.27614031 0 0
637 64.55041101 -27.03813146 0 0
638 64.95066335 -24.81405548 0 0
639 65.30655011 -22.60281675 0 0
640 65.61802724 -20.40348051 0 0
641 65.88503979 -18.21526239 0 0
642 66.10754079 -16.03751587 0 0
643 66.28550795 -13.86971812 0 0
644 66.41895820 -11.71145436 0 0
645 66.50796013 -9.56240104 0 0
646 66.55264433 -7.42230811 0 0
647 66.55321163 -5.29098047 0 0
648 66.50993927 -3.16825889 0 0
649 66.42318494 -1.05400052 0 0
650 66.29338885 1.05194092 0 0
651 66.12107363 3.14973494 0 0
652 65.90684229 5.23959411 0 0
653 65.65137397 7.32179360 0 0
654 65.35541785 9.39669048 0 0
655 65.01978488 11.46474235 0 0
656 64.64533757 13.52652545 0 0
657 64.23297774 15.58275179 0 0
658 63.78363227 17.63428544 0 0
659 63.29823689 19.68215744 0 0
660 62.77771790 21.72757941 0 0
661 62.22297198 23.77195550 0 0
662 61.63484394 25.81689236 0 0
663 61.01410247 27.86420695 0 0
664 60.36141381 29.91593171 0 0
665 59.67731346 31.97431666 0 0
666 58.96217567 34.04182799 0 0
667 58.21618092 36.12114234 0 0
668 57.43928121 38.21513611 0 0
669 56.63116322 40.32686877 0 0
670 55.79120936 42.45955904 0 0
671 54.91845684 44.61655245 0 0
672 54.01155481 46.80127865 0 0
673 53.06871997 49.01719627 0 0
674 52.08769116 51.26772292 0 0
675 51.06568343 53.55614743 0 0
676 49.99934306 55.88552086 0 0
677 48.88470471 58.25852246 0 0
678 47.71715325 60.67729633 0 0
679 46.49139312 63.14325425 0 0
680 45.20142947 65.65684027 0 0
681 43.84056649 68.21725302 0 0
682 42.40142985 70.82212320 0 0
683 40.87602213 73.46714574 0 0
684 39.25582153 76.14567052 0 0
685 37.53193627 78.84826074 0 0
686 35.69532749 81.56223713 0 0
687 33.73711388 84.27123644 0 0
688 31.64896867 86.95482676 0 0
689 29.42361443 89.58823687 0 0
690 27.05541210 92.14227174 0 0
691 24.54102655 94.58349656 0 0
692 21.88013245 96.87477338 0 0
693 19.07610301 98.97622094 0 0
694 16.13660265 100.84663425 0 0
695 13.07399016 102.44534407 0 0
696 9.90543618 103.73442083 0 0
697 6.65267614 104.68104436 0 0
698 3.34135785 105.25979001 0 0
699 0.00000000 105.45454545 -1 0
700 0.00000000 -115.90909091 -1 0
701 3.67295368 -115.70575518 0 0
702 7.31490248 -115.10129392 0 0
703 10.89636482 -114.11189508 0 0
704 14.39073483 -112.76310929 0 0
705 17.77532630 -111.08793273 0 0
706 21.03202749 -109.12452084 0 0
707 24.14755070 -106.91381812 0 0
708 27.11331711 -104.49735385 0 0
709 29.92505619 -101.91538197 0 0
710 32.58221538 -99.20546087 0 0
711 35.08727393 -96.40149284 0 0
712 37.44503936 -93.53318654 0 0
713 39.66198443 -90.62587198 0 0
714 41.74566057 -87.70058399 0 0
715 43.70420548 -84.77433157 0 0
716 45.54594863 -81.86048133 0 0
717 47.27910903 -78.96919741 0 0
718 48.91157465 -76.10789574 0 0
719 50.45075046 -73.28168386 0 0
720 51.90346197 -70.49376832 0 0
721 53.27590205 -67.74582043 0 0
722 54.57361068 -65.03829658 0 0
723 55.80147871 -62.37071353 0 0
724 56.96376878 -59.74188132 0 0
725 58.06414776 -57.15009771 0 0
726 59.10572685 -54.59330874 0 0
727 60.09110595 -52.06923971 0 0
728 61.02242026 -49.57550104 0 0
729 61.90138750 -47.10967278 0 0
730 62.72935453 -44.66937114 0 0
731 63.50734271 -42.25230008 0 0
732 64.23609158 -39.85629031 0 0
733 64.91610032 -37.47932799 0 0
734 65.54766706 -35.11957462 0 0
735 66.13092586 -32.77537978 0 0
736 66.66588118 -30.44528781 0 0
737 67.15244010 -28.12803938 0 0
738 67.59044202 -25.82256888 0 0
739 67.97968609 -23.52799811 0 0
740 68.31995625 -21.24362701 0 0
741 68.61104389 -18.96892179 0 0
742 68.85276831 -16.70350086 0 0
743 69.04499477 -14.44711891 0 0
744 69.18765031 -12.19964948 0 0
745 69.28073725 -9.96106621 0 0
746 69.32434440 -7.73142298 0 0
747 69.31865604 -5.51083331 0 0
748 69.26395853 -3.29944900 0 0
749 69.16064470 -1.09743842 0 0
750 69.00921592 1.09503556 0 0
751 68.81028196 3.27783772 0 0
752 68.56455847 5.45088255 0 0
753 68.27286231 7.61415605 0 0
754 67.93610459 9.76773722 0 0
755 67.55528145 11.91181881 0 0
756 67.13146267 14.04672745 0 0
757 66.66577809 16.17294277 0 0
758 66.15940179 18.29111536 0 0
759 65.61353417 20.40208342 0 0
760 65.02938184 22.50688788 0 0
761 64.40813542 24.60678557 0 0
762 63.75094519 26.70326044 0 0
763 63.05889458 28.79803222 0 0
764 62.33297162 30.89306238 0 0
765 61.57403821 32.99055674 0 0
766 60.78279725 35.09296436 0 0
767 59.95975766 37.20297187 0 0
768 59.10519722 39.32349272 0 0
769 58.21912335 41.45765006 0 0
770 57.30123174 43.60875234 0 0
771 56.35086313 45.78026014 0 0
772 55.36695816 47.97574234 0 0
773 54.34801088 50.19881990 0 0
774 53.29202124 52.45309436 0 0
775 52.19644739 54.74205854 0 0
776 51.05815877 57.06898576 0 0
777 49.87339185 59.43679392 0 0
778 48.63771047 61.84788006 0 0
779 47.34597400 64.30392107 0 0
780 45.99231749 66.80563598 0 0
781 44.57014921 69.35250591 0 0
782 43.07217252 71.94244909 0 0
783 41.49044090 74.57145069 0 0
784 39.81645662 77.23315087 0 0
785 38.04132517 79.91840080 0 0
786 36.15597855 82.61480434 0 0
787 34.15148044 85.30627408 0 0
788 32.01942398 87.97264436 0 0
789 29.75242754 90.58939828 0 0
790 27.34472501 93.12758102 0 0
791 24.79283269 95.55398182 0 0
792 22.09625680 97.83166873 0 0
793 19.25818396 99.92094661 0 0
794 16.28607576 101.78077513 0 0
795 13.19207399 103.37062685 0 0
796 9.99312025 104.65268994 0 0
797 6.71071123 105.59423685 0 0
798 3.37024861 106.16990968 0 0
799 0.00000000 106.36363636 -1 0
800 0.00000000 -118.18181818 -1 0
801 3.74508803 -117.97813850 0 0
802 7.45925061 -117.37263742 0 0
803 11.11308383 -116.38147922 0 0
804 14.68005592 -115.03017528 0 0
805 18.13754949 -113.35166755 0 0
806 21.46751466 -111.38404282 0 0
807 24.65671703 -109.16816339 0 0
808 27.69662102 -106.74546369 0 0
809 30.58298783 -104.15609138 0 0
810 33.31528391 -101.43748837 0 0
811 35.89599352 -98.62343166 0 0
812 38.32991434 -95.74349739 0 0
813 40.62349348 -92.82287742 0 0
814 42.78424024 -89.88246450 0 0
815 44.82023326 -86.93912345 0 0
816 46.73972565 -84.00607637 0 0
817 48.55084262 -81.09334449 0 0
818 50.26136101 -78.20820431 0 0
819 51.87855748 -75.35562926 0 0
820 53.40911255 -72.53869903 0 0
821 54.85905806 -69.75896707 0 0
822 56.23375765 -67.01678270 0 0
823 57.53791156 -64.31156811 0 0
824 58.77557864 -61.64205282 0 0
825 59.95021021 -59.00646963 0 0
826 61.06469147 -56.40271648 0 0
827 62.12138755 -53.82848873 0 0
828 63.12219185 -51.28138600 0 0
829 64.06857499 -48.75899758 0 0
830 64.96163339 -46.25896973 0 0
831 65.80213665 -43.77905774 0 0
832 66.59057317 -41.31716533 0 0
833 67.32719377 -38.87137345 0 0
834 68.01205308 -36.43996012 0 0
835 68.64504856 -34.02141294 0 0
836 69.22595709 -31.61443530 0 0
837 69.75446918 -29.21794731 0 0
838 70.23022069 -26.83108228 0 0
839 70.65282207 -24.45317947 0 0
840 71.02188525 -22.08377351 0 0
841 71.33704799 -19.72258120 0 0
842 71.59799584 -17.36948585 0 0
843 71.80448160 -15.02451969 0 0
844 71.95634243 -12.68784460 0 0
845 72.05351437 -10.35973137 0 0
846 72.09604447 -8.04053785 0 0
847 72.08410045 -5.73068614 0 0
848 72.01797780 -3.43063911 0 0
849 71.89810446 -1.14087633 0 0
850 71.72504300 1.13813020 0 0
851 71.49949029 3.40594050 0 0
852 71.22227465 5.66217099 0 0
853 70.89435066 7.90651850 0 0
854 70.51679133 10.13878396 0 0
855 70.09077801 12.35889526 0 0
856 69.61758777 14.56692946 0 0
857 69.09857844 16.76313375 0 0
858 68.53517131 18.94794527 0 0
859 67.92883145 21.12200941 0 0
860 67.28104578 23.28619635 0 0
861 66.59329887 25.44161564 0 0
862 65.86704643 27.58962851 0 0
863 65.10368669 29.73185749 0 0
864 64.30452943 31.87019305 0 0
865 63.47076297 34.00679683 0 0
866 62.60341884 36.14410072 0 0
867 61.70333440 38.28480140 0 0
868 60.77111323 40.43184933 0 0
869 59.80708347 42.58843135 0 0
870 58.81125413 44.75794565 0 0
871 57.78326942 46.94396782 0 0
872 56.72236151 49.15020603 0 0
873 55.62730178 51.38044352 0 0
874 54.49635133 53.63846579 0 0
875 53.32721134 55.92796964 0 0
876 52.11697448 58.25245066 0 0
877 50.86207899 60.61506537 0 0
878 49.55826769 63.01846378 0 0
879 48.20055487 65.46458789 0 0
880 46.78320551 67.95443169 0 0
881 45.29973194 70.48775879 0 0
882 43.74291519 73.06277499 0 0
883 42.10485967 75.67575564 0 0
884 40.37709171 78.32063122 0 0
885 38.55071407 80.98854086 0 0
886 36.61662961 83.66737154 0 0
887 34.56584701 86.34131173 0 0
888 32.38987929 88.99046197 0 0
889 30.08124066 91.59055969 0 0
890 27.63403792 94.11289030 0 0
891 25.04463882 96.52446709 0 0
892 22.31238115 98.78856409 0 0
893 19.44026490 100.86567228 0 0
894 16.43554887 102.71491600 0 0
895 13.31015781 104.29590963 0 0
896 10.08080432 105.57095905 0 0
897 6.76874632 106.50742935 0 0
898 3.39913937 107.08002935 0 0
899 0.00000000 107.27272727 -1 0
900 0.00000000 -120.45454545 -1 0
901 3.81722237 -120.25052181 0 0
902 7.60359874 -119.64398093 0 0
903 11.32980284 -118.65106335 0 0
904 14.96937701 -117.29724127 0 0
905 18.49977267 -115.61540237 0 0
906 21.90300183 -113.64356481 0 0
907 25.16588336 -111.42250866 0 0
908 28.27992493 -108.99357353 0 0
909 31.24091948 -106.39680080 0 0
910 34.04835243 -103.66951586 0 0
911 36.70471312 -100.84537047 0 0
912 39.21478933 -97.95380824 0 0
913 41.58500252 -95.01988286 0 0
914 43.82281990 -92.06434502 0 0
915 45.93626104 -89.10391533 0 0
916 47.93350267 -86.15167141 0 0
917 49.82257622 -83.21749157 0 0
918 51.61114736 -80.30851288 0 0
919 53.30636449 -77.42957467 0 0
920 54.91476314 -74.58362975 0 0
921 56.44221407 -71.77211370 0 0
922 57.89390462 -68.99526882 0 0
923 59.27434440 -66.25242269 0 0
924 60.58738851 -63.54222432 0 0
925 61.83627266 -60.86284154 0 0
926 63.02365608 -58.21212423 0 0
927 64.15166916 -55.58773776 0 0
928 65.22196345 -52.98727095 0 0
929 66.23576248 -50.40832238 0 0
930 67.19391226 -47.84856831 0 0
931 68.09693059 -45.30581540 0 0
932 68.94505476 -42.77804035 0 0
933 69.73828722 -40.26341890 0 0
934 70.47643911 -37.76034561 0 0
935 71.15917126 -35.26744610 0 0
936 71.78603300 -32.78358280 0 0
937 72.35649827 -30.30785523 0 0
938 72.86999936 -27.83959568 0 0
939 73.32595805 -25.37836082 0 0
940 73.72381426 -22.92392001 0 0
941 74.06305210 -20.47624061 0 0
942 74.34322336 -18.03547084 0 0
943 74.56396843 -15.60192048 0 0
944 74.72503455 -13.17603973 0 0
945 74.82629149 -10.75839654 0 0
946 74.86774455 -8.34965272 0 0
947 74.84954486 -5.95053898 0 0
948 74.77199706 -3.56182921 0 0
949 74.63556422 -1.18431424 0 0
950 74.44087008 1.18122484 0 0
951 74.18869861 3.53404328 0 0
952 73.87999084 5.87345943 0 0
953 73.51583900 8.19888096 0 0
954 73.09747807 10.50983069 0 0
955 72.62627458 12.80597172 0 0
956 72.10371287 15.08713147 0 0
957 71.53137880 17.35332473 0 0
958 70.91094083 19.60477519 0 0
959 70.24412873 21.84193540 0 0
960 69.53270972 24.06550482 0 0
961 68.77846231 26.27644572 0 0
962 67.98314767 28.47599659 0 0
963 67.14847880 30.66568275 0 0
964 66.27608724 32.84732372 0 0
965 65.36748773 35.02303691 0 0
966 64.42404043 37.19523708 0 0
967 63.44691114 39.36663093 0 0
968 62.43702924 41.54020594 0 0
969 61.39504360 43.71921263 0 0
970 60.32127651 45.90713896 0 0
971 59.21567571 48.10767551 0 0
972 58.07776486 50.32466972 0 0
973 56.90659268 52.56206715 0 0
974 55.70068142 54.82383723 0 0
975 54.45797529 57.11388075 0 0
976 53.17579019 59.43591556 0 0
977 51.85076614 61.79333682 0 0
978 50.47882490 64.18904751 0 0
979 49.05513575 66.62525472 0 0
980 47.57409353 69.10322740 0 0
981 46.02931467 71.62301167 0 0
982 44.41365786 74.18310089 0 0
983 42.71927844 76.78006058 0 0
984 40.93772679 79.40811157 0 0
985 39.06010296 82.05868093 0 0
986 37.07728067 84.71993875 0 0
987 34.98021357 87.37634937 0 0
988 32.76033460 90.00827957 0 0
989 30.41005377 92.59172110 0 0
990 27.92335083 95.09819957 0 0
991 25.29644496 97.49495236 0 0
992 22.52850549 99.74545944 0 0
993 19.62234585 101.81039794 0 0
994 16.58502198 103.64905687 0 0
995 13.42824163 105.22119242 0 0
996 10.16848839 106.48922817 0 0
997 6.82678141 107.42062185 0 0
998 3.42803013 107.99014902 0 0
999 0.00000000 108.18181818 -1 0
1000 0.00000000 -122.72727273 -1 0
1001 3.88935671 -122.52290513 0 0
1002 7.74794687 -121.91532443 0 0
1003 11.54652185 -120.92064749 0 0
1004 15.25869810 -119.56430725 0 0
1005 18.86199586 -117.87913719 0 0
1006 22.33848900 -115.90308679 0 0
1007 25.67504970 -113.67685393 0 0
1008 28.86322884 -111.24168338 0 0
1009 31.89885112 -108.63751021 0 0
1010 34.78142095 -105.90154335 0 0
1011 37.51343271 -103.06730929 0 0
1012 40.09966431 -100.16411909 0 0
1013 42.54651156 -97.21688830 0 0
1014 44.86139957 -94.24622554 0 0
1015 47.05228882 -91.26870721 0 0
1016 49.12727969 -88.29726645 0 0
1017 51.09430982 -85.34163865 0 0
1018 52.96093372 -82.40882145 0 0
1019 54.73417151 -79.50352008 0 0
1020 56.42041372 -76.62856046 0 0
1021 58.02537009 -73.78526034 0 0
1022 59.55405159 -70.97375494 0 0
1023 61.01077724 -68.19327727 0 0
1024 62.39919838 -65.44239582 0 0
1025 63.72233511 -62.71921346 0 0
1026 64.98262069 -60.02153197 0 0
1027 66.18195077 -57.34698678 0 0
1028 67.32173504 -54.69315591 0 0
1029 68.40294997 -52.05764718 0 0
1030 69.42619113 -49.43816690 0 0
1031 70.39172453 -46.83257306 0 0
1032 71.29953634 -44.23891538 0 0
1033 72.14938068 -41.65546436 0 0
1034 72.94082513 -39.08073110 0 0
1035 73.67329397 -36.51347926 0 0
1036 74.34610891 -33.95273029 0 0
1037 74.95852736 -31.39776316 0 0
1038 75.50977803 -28.84810908 0 0
1039 75.99909403 -26.30354218 0 0
1040 76.42574326 -23.76406651 0 0
1041 76.78905620 -21.22990001 0 0
1042 77.08845089 -18.70145583 0 0
1043 77.32345526 -16.17932127 0 0
1044 77.49372666 -13.66423485 0 0
1045 77.59906861 -11.15706170 0 0
1046 77.63944462 -8.65876759 0 0
1047 77.61498927 -6.17039182 0 0
1048 77.52601632 -3.69301932 0 0
1049 77.37302398 -1.22775214 0 0
1050 77.15669716 1.22431947 0 0
1051 76.87790694 3.66214607 0 0
1052 76.53770702 6.08474787 0 0
1053 76.13732735 8.49124341 0 0
1054 75.67816481 10.88087743 0 0
1055 75.16177114 13.25304817 0 0
1056 74.58983797 15.60733348 0 0
1057 73.96417915 17.94351571 0 0
1058 73.28671035 20.26160510 0 0
1059 72.55942601 22.56186138 0 0
1060 71.78437366 24.84481328 0 0
1061 70.96362575 27.11127579 0 0
1062 70.09924892 29.36236467 0 0
1063 69.19327091 31.59950802 0 0
1064 68.24764505 33.82445439 0 0
1065 67.26421248 36.03927699 0 0
1066 66.24466202 38.24637345 0 0
1067 65.19048788 40.44846046 0 0
1068 64.10294525 42.64856255 0 0
1069 62.98300373 44.84999392 0 0
1070 61.83129889 47.05633227 0 0
1071 60.64808200 49.27138319 0 0
1072 59.43316821 51.49913341 0 0
1073 58.18588358 53.74369077 0 0
1074 56.90501151 56.00920866 0 0
1075 55.58873925 58.29979185 0 0
1076 54.23460590 60.61938045 0 0
1077 52.83945328 62.97160827 0 0
1078 51.39938212 65.35963123 0 0
1079 49.90971662 67.78592154 0 0
1080 48.36498155 70.25202312 0 0
1081 46.75889739 72.75826455 0 0
1082 45.08440052 75.30342678 0 0
1083 43.33369721 77.88436553 0 0
1084 41.49836188 80.49559192 0 0
1085 39.56949186 83.12882099 0 0
1086 37.53793173 85.77250595 0 0
1087 35.39458014 88.41138701 0 0
1088 33.13078991 91.02609717 0 0
1089 30.73886689 93.59288251 0 0
1090 28.21266373 96.08350885 0 0
1091 25.54825109 98.46543762 0 0
1092 22.74462984 100.70235480 0 0
1093 19.80442680 102.75512361 0 0
1094 16.73449510 104.58319775 0 0
1095 13.54632546 106.14647520 0 0
1096 10.25617246 107.40749728 0 0
1097 6.88481650 108.33381435 0 0
1098 3.45692090 108.90026870 0 0
1099 0.00000000 109.09090909 -1 0
1100 0.00000000 -125.00000000 -1 -1
1101 3.96149106 -124.79528844 0 0
1102 7.89229499 -124.18666794 0 0
1103 11.76324086 -123.19023162 0 0
1104 15.54801919 -121.83137324 0 0
1105 19.22421905 -120.14287200 0 0
1106 22.77397617 -118.16260878 0 0
1107 26.18421603 -115.93119919 0 0
1108 29.44653275 -113.48979322 0 0
1109 32.55678277 -110.87821962 0 0
1110 35.51448947 -108.13357085 0 0
1111 38.32215230 -105.28924810 0 0
1112 40.98453929 -102.37442994 0 0
1113 43.50802061 -99.41389374 0 0
1114 45.89997924 -96.42810605 0 0
1115 48.16831660 -93.43349909 0 0
1116 50.32105671 -90.44286148 0 0
1117 52.36604342 -87.46578574 0 0
1118 54.31072008 -84.50913002 0 0
1119 56.16197852 -81.57746549 0 0
1120 57.92606431 -78.67349117 0 0
1121 59.60852610 -75.79840698 0 0
1122 61.21419857 -72.95224106 0 0
1123 62.74721009 -70.13413185 0 0
1124 64.21100825 -67.34256732 0 0
1125 65.60839755 -64.57558537 0 0
1126 66.94158531 -61.83093972 0 0
1127 68.21223237 -59.10623581 0 0
1128 69.42150663 -56.39904087 0 0
1129 70.57013746 -53.70697197 0 0
1130 71.65847000 -51.02776548 0 0
1131 72.68651846 -48.35933072 0 0
1132 73.65401793 -45.69979040 0 0
1133 74.56047413 -43.04750981 0 0
1134 75.40521115 -40.40111660 0 0
1135 76.18741667 -37.75951241 0 0
1136 76.90618482 -35.12187778 0 0
1137 77.56055645 -32.48767108 0 0
1138 78.14955670 -29.85662249 0 0
1139 78.67223000 -27.22872354 0 0
1140 79.12767227 -24.60421301 0 0
1141 79.51506030 -21.98355942 0 0
1142 79.83367841 -19.36744082 0 0
1143 80.08294208 -16.75672205 0 0
1144 80.26241878 -14.15242997 0 0
1145 80.37184573 -11.55572686 0 0
1146 80.41114469 -8.96788246 0 0
1147 80.38043367 -6.39024465 0 0
1148 80.28003559 -3.82420943 0 0
1149 80.11048374 -1.27119005 0 0
1150 79.87252424 1.26741411 0 0
1151 79.56711526 3.79024885 0 0
1152 79.19542320 6.29603632 0 0
1153 78.75881569 8.78360586 0 0
1154 78.25885155 11.25192417 0 0
1155 77.69726771 13.70012462 0 0
1156 77.07596307 16.12753548 0 0
1157 76.39697950 18.53370669 0 0
1158 75.66247987 20.91843502 0 0
1159 74.87472329 23.28178737 0 0
1160 74.03603761 25.62412175 0 0
1161 73.14878919 27.94610586 0 0
1162 72.21535016 30.24873274 0 0
1163 71.23806302 32.53333329 0 0
1164 70.21920286 34.80158507 0 0
1165 69.16093724 37.05551708 0 0
1166 68.06528360 39.29750981 0 0
1167 66.93406462 41.53028999 0 0
1168 65.76886126 43.75691916 0 0
1169 64.57096385 45.98077521 0 0
1170 63.34132127 48.20552558 0 0
1171 62.08048829 50.43509088 0 0
1172 60.78857156 52.67359710 0 0
1173 59.46517449 54.92531439 0 0
1174 58.10934160 57.19458010 0 0
1175 56.71950320 59.48570295 0 0
1176 55.29342160 61.80284535 0 0
1177 53.82814042 64.14987973 0 0
1178 52.31993934 66.53021496 0 0
1179 50.76429750 68.94658836 0 0
1180 49.15586957 71.40081883 0 0
1181 47.48848012 73.89351743 0 0
1182 45.75514319 76.42375268 0 0
1183 43.94811598 78.98867048 0 0
1184 42.05899696 81.58307227 0 0
1185 40.07888076 84.19896105 0 0
1186 37.99858279 86.82507316 0 0
1187 35.80894671 89.44642465 0 0
1188 33.50124522 92.04391478 0 0
1189 31.06768000 94.59404392 0 0
1190 28.50197664 97.06881813 0 0
1191 25.80005723 99.43592289 0 0
1192 22.96075419 101.65925016 0 0
1193 19.98650775 103.69984928 0 0
1194 16.88396821 105.51733862 0 0
1195 13.66440928 107.07175798 0 0
1196 10.34385652 108.32576639 0 0
1197 6.94285159 109.24700684 0 0
1198 3.48581166 109.81038837 0 0
1199 0.00000000 110.00000000 -1 0
