0 3 0 224 402 524
1 3 0 213 509 549
2 3 0 428 252 469
3 3 0 331 193 499
4 3 0 444 445 607
5 3 0 445 446 607
6 3 0 425 230 427
7 3 0 252 428 623
8 3 0 509 324 549
9 3 0 551 426 573
10 3 0 510 388 543
11 3 0 369 196 637
12 3 0 462 433 478
13 3 0 92 93 488
14 3 0 448 531 575
15 3 0 259 452 575
16 3 0 209 386 388
17 3 0 297 514 600
18 3 0 454 258 582
19 3 0 255 448 471
20 3 0 290 292 416
21 3 0 433 462 477
22 3 0 514 199 600
23 3 0 452 259 592
24 3 0 196 369 483
25 3 0 202 407 496
26 3 0 221 308 333
27 3 0 230 425 484
28 3 0 197 334 393
29 3 0 531 259 575
30 3 0 450 254 472
31 3 0 222 92 488
32 3 0 392 190 500
33 3 0 373 404 513
34 3 0 245 476 517
35 3 0 276 278 492
36 3 0 210 306 492
37 3 0 258 454 596
38 3 0 361 392 500
39 3 0 193 331 526
40 3 0 517 482 545
41 3 0 508 218 553
42 3 0 220 510 543
43 3 0 415 202 496
44 3 0 439 460 461
45 3 0 463 440 464
46 3 0 248 551 573
47 3 0 448 447 471
48 3 0 542 450 582
49 3 0 306 210 491
50 3 0 412 307 493
51 3 0 374 198 468
52 3 0 228 507 583
53 3 0 444 537 642
54 3 0 432 435 479
55 3 0 464 251 534
56 3 0 250 446 535
57 3 0 196 404 637
58 3 0 209 388 510
59 3 0 505 223 536
60 3 0 402 405 524
61 3 0 402 224 611
62 3 0 537 444 607
63 3 0 404 373 637
64 3 0 340 227 347
65 3 0 227 340 346
66 3 0 515 516 559
67 3 0 449 450 472
68 3 0 306 276 492
69 3 0 427 230 428
70 3 0 490 5 522
71 3 0 258 542 582
72 3 0 308 221 494
73 3 0 229 284 532
74 3 0 516 558 559
75 3 0 493 307 666
76 3 0 367 508 553
77 3 0 270 458 616
78 3 0 476 439 517
79 3 0 274 271 474
80 3 0 431 220 434
81 3 0 416 292 595
82 3 0 444 441 445
83 3 0 516 423 632
84 3 0 249 479 480
85 3 0 502 226 589
86 3 0 464 440 618
87 3 0 404 395 513
88 3 0 87 88 524
89 3 0 479 249 653
90 3 0 439 461 517
91 3 0 558 516 632
92 3 0 277 274 474
93 3 0 168 169 550
94 3 0 436 389 557
95 3 0 492 519 563
96 3 0 538 618 631
97 3 0 239 405 523
98 3 0 519 234 563
99 3 0 423 516 639
100 3 0 479 435 480
101 3 0 405 239 524
102 3 0 481 520 544
103 3 0 413 490 522
104 3 0 598 527 616
105 3 0 389 436 543
106 3 0 576 311 625
107 3 0 459 244 520
108 3 0 471 464 534
109 3 0 446 472 535
110 3 0 334 197 609
111 3 0 430 240 539
112 3 0 443 470 495
113 3 0 507 503 583
114 3 0 499 193 587
115 3 0 433 432 479
116 3 0 232 515 559
117 3 0 394 395 404
118 3 0 426 551 636
119 3 0 418 203 486
120 3 0 618 440 631
121 3 0 492 278 519
122 3 0 290 416 564
123 3 0 388 389 543
124 3 0 503 502 589
125 3 0 386 209 622
126 3 0 284 229 660
127 3 0 240 430 590
128 3 0 605 172 617
129 3 0 369 350 483
130 3 0 505 536 569
131 3 0 350 192 483
132 3 0 420 423 473
133 3 0 458 270 627
134 3 0 231 433 477
135 3 0 336 337 347
136 3 0 379 381 489
137 3 0 552 327 555
138 3 0 425 421 484
139 3 0 338 466 578
140 3 0 307 412 585
141 3 0 348 192 349
142 3 0 394 200 395
143 3 0 421 219 484
144 3 0 215 576 625
145 3 0 439 257 460
146 3 0 13 192 348
147 3 0 15 190 392
148 3 0 9 200 394
149 3 0 7 202 415
150 3 0 437 440 463
151 3 0 78 203 418
152 3 0 21 206 417
153 3 0 271 2 474
154 3 0 25 220 431
155 3 0 447 265 471
156 3 0 27 231 477
157 3 0 449 268 450
158 3 0 441 49 445
159 3 0 337 340 347
160 3 0 453 260 454
161 3 0 46 268 449
162 3 0 44 260 453
163 3 0 42 262 456
164 3 0 40 263 457
165 3 0 407 202 634
166 3 0 500 190 525
167 3 0 482 237 545
168 3 0 300 302 494
169 3 0 245 517 545
170 3 0 462 478 648
171 3 0 434 220 543
172 3 0 487 222 488
173 3 0 344 465 643
174 3 0 198 374 652
175 3 0 417 206 489
176 3 0 453 454 582
177 3 0 520 244 544
178 3 0 470 443 520
179 3 0 443 459 520
180 3 0 419 420 473
181 3 0 527 270 616
182 3 0 507 228 612
183 3 0 393 334 587
184 3 0 476 245 606
185 3 0 85 86 533
186 3 0 88 224 524
187 3 0 239 87 524
188 3 0 221 333 657
189 3 0 217 168 550
190 3 0 467 225 521
191 3 0 125 126 534
192 3 0 142 143 535
193 3 0 332 605 617
194 3 0 190 348 525
195 3 0 458 457 616
196 3 0 482 462 648
197 3 0 218 508 650
198 3 0 267 588 593
199 3 0 466 338 609
200 3 0 284 286 532
201 3 0 555 327 614
202 3 0 469 252 470
203 3 0 381 384 489
204 3 0 478 433 479
205 3 0 256 443 495
206 3 0 389 506 557
207 3 0 466 205 578
208 3 0 223 505 628
209 3 0 336 347 467
210 3 0 461 482 517
211 3 0 448 255 531
212 3 0 169 549 550
213 3 0 452 530 577
214 3 0 548 648 653
215 3 0 465 208 643
216 3 0 273 413 522
217 3 0 302 308 494
218 3 0 488 93 635
219 3 0 303 300 494
220 3 0 403 398 496
221 3 0 579 512 604
222 3 0 374 468 571
223 3 0 232 504 515
224 3 0 208 419 473
225 3 0 419 219 420
226 3 0 236 481 544
227 3 0 269 448 575
228 3 0 460 253 461
229 3 0 452 451 575
230 3 0 470 252 495
231 3 0 437 257 438
232 3 0 265 463 464
233 3 0 445 264 446
234 3 0 269 447 448
235 3 0 261 451 452
236 3 0 261 452 577
237 3 0 246 459 642
238 3 0 427 428 429
239 3 0 107 108 562
240 3 0 459 246 603
241 3 0 226 502 615
242 3 0 254 450 542
243 3 0 396 200 415
244 3 0 639 345 643
245 3 0 396 415 496
246 3 0 251 464 618
247 3 0 648 478 653
248 3 0 446 250 607
249 3 0 561 382 562
250 3 0 462 253 477
251 3 0 14 13 348
252 3 0 16 15 392
253 3 0 10 9 394
254 3 0 3 2 271
255 3 0 8 7 415
256 3 0 22 21 417
257 3 0 79 78 418
258 3 0 6 5 490
259 3 0 26 25 431
260 3 0 28 27 477
261 3 0 50 49 441
262 3 0 47 46 449
263 3 0 45 44 453
264 3 0 264 449 472
265 3 0 43 42 456
266 3 0 41 40 457
267 3 0 255 471 534
268 3 0 472 254 535
269 3 0 11 196 483
270 3 0 191 68 391
271 3 0 195 70 475
272 3 0 17 194 468
273 3 0 193 64 393
274 3 0 199 72 414
275 3 0 192 12 483
276 3 0 69 191 475
277 3 0 67 189 391
278 3 0 197 62 466
279 3 0 198 18 468
280 3 0 71 195 414
281 3 0 63 197 393
282 3 0 0 207 474
283 3 0 205 60 465
284 3 0 75 201 416
285 3 0 61 205 466
286 3 0 59 208 465
287 3 0 208 58 419
288 3 0 57 219 419
289 3 0 219 56 484
290 3 0 55 230 484
291 3 0 252 52 495
292 3 0 29 253 460
293 3 0 51 256 495
294 3 0 257 30 460
295 3 0 31 257 437
296 3 0 32 437 463
297 3 0 265 33 463
298 3 0 48 264 445
299 3 0 34 265 447
300 3 0 269 35 447
301 3 0 36 269 451
302 3 0 261 37 451
303 3 0 577 266 598
304 3 0 38 261 455
305 3 0 263 39 455
306 3 0 23 209 510
307 3 0 220 24 510
308 3 0 537 246 642
309 3 0 201 74 514
310 3 0 73 199 514
311 3 0 436 434 543
312 3 0 398 396 496
313 3 0 588 456 593
314 3 0 407 403 496
315 3 0 584 90 591
316 3 0 197 466 609
317 3 0 86 239 533
318 3 0 212 85 533
319 3 0 349 192 350
320 3 0 395 200 396
321 3 0 506 390 560
322 3 0 251 125 534
323 3 0 143 250 535
324 3 0 126 255 534
325 3 0 254 142 535
326 3 0 216 579 604
327 3 0 485 234 519
328 3 0 5 4 522
329 3 0 465 344 624
330 3 0 189 66 526
331 3 0 65 193 526
332 3 0 450 268 582
333 3 0 303 494 540
334 3 0 469 470 481
335 3 0 454 260 588
336 3 0 19 198 541
337 3 0 206 20 541
338 3 0 423 539 632
339 3 0 346 504 581
340 3 0 429 428 469
341 3 0 241 506 560
342 3 0 420 219 421
343 3 0 461 253 462
344 3 0 438 257 439
345 3 0 437 438 440
346 3 0 105 583 589
347 3 0 446 264 472
348 3 0 265 464 471
349 3 0 379 489 638
350 3 0 529 454 588
351 3 0 355 566 568
352 3 0 244 459 603
353 3 0 430 242 590
354 3 0 242 430 636
355 3 0 413 273 669
356 3 0 416 201 564
357 3 0 382 561 662
358 3 0 428 230 623
359 3 0 504 232 581
360 3 0 349 350 351
361 3 0 395 396 397
362 3 0 210 492 563
363 3 0 189 526 601
364 3 0 481 470 520
365 3 0 348 349 525
366 3 0 228 107 562
367 3 0 468 194 571
368 3 0 283 486 497
369 3 0 509 213 646
370 3 0 312 315 498
371 3 0 285 283 497
372 3 0 323 331 499
373 3 0 420 421 422
374 3 0 461 462 482
375 3 0 305 304 501
376 3 0 358 361 500
377 3 0 438 439 476
378 3 0 290 288 292
379 3 0 133 134 270
380 3 0 131 132 266
381 3 0 136 137 267
382 3 0 312 310 315
383 3 0 329 326 499
384 3 0 128 129 259
385 3 0 139 140 258
386 3 0 317 314 318
387 3 0 326 323 499
388 3 0 314 312 498
389 3 0 126 127 255
390 3 0 141 142 254
391 3 0 356 358 500
392 3 0 494 221 540
393 3 0 310 305 501
394 3 0 406 403 407
395 3 0 143 144 250
396 3 0 124 125 251
397 3 0 358 360 361
398 3 0 289 288 290
399 3 0 410 408 413
400 3 0 318 314 498
401 3 0 283 281 486
402 3 0 330 329 334
403 3 0 349 351 352
404 3 0 323 321 331
405 3 0 145 146 246
406 3 0 122 123 247
407 3 0 147 148 244
408 3 0 120 121 245
409 3 0 364 366 374
410 3 0 315 310 501
411 3 0 328 326 329
412 3 0 118 119 237
413 3 0 149 150 236
414 3 0 296 295 297
415 3 0 287 285 288
416 3 0 351 350 353
417 3 0 375 377 378
418 3 0 317 318 319
419 3 0 397 396 398
420 3 0 151 152 248
421 3 0 116 117 249
422 3 0 288 285 497
423 3 0 114 115 243
424 3 0 153 154 242
425 3 0 155 156 240
426 3 0 112 113 241
427 3 0 294 291 295
428 3 0 384 385 386
429 3 0 343 342 344
430 3 0 337 335 338
431 3 0 386 387 388
432 3 0 109 110 233
433 3 0 158 159 232
434 3 0 361 360 362
435 3 0 186 187 229
436 3 0 106 107 228
437 3 0 161 162 227
438 3 0 84 85 212
439 3 0 183 184 211
440 3 0 80 81 210
441 3 0 406 407 408
442 3 0 179 180 223
443 3 0 88 89 224
444 3 0 103 104 226
445 3 0 164 165 225
446 3 0 176 177 221
447 3 0 91 92 222
448 3 0 167 168 217
449 3 0 100 101 218
450 3 0 173 174 215
451 3 0 94 95 216
452 3 0 97 98 214
453 3 0 170 171 213
454 3 0 381 383 384
455 3 0 188 1 234
456 3 0 82 83 235
457 3 0 86 87 239
458 3 0 181 182 238
459 3 0 302 301 304
460 3 0 341 339 342
461 3 0 262 458 593
462 3 0 300 298 301
463 3 0 353 350 369
464 3 0 374 366 375
465 3 0 328 329 330
466 3 0 292 288 497
467 3 0 287 288 289
468 3 0 289 290 291
469 3 0 311 310 312
470 3 0 330 334 335
471 3 0 378 377 379
472 3 0 309 305 310
473 3 0 313 312 314
474 3 0 294 295 296
475 3 0 316 314 317
476 3 0 337 338 339
477 3 0 424 421 425
478 3 0 296 297 298
479 3 0 356 357 358
480 3 0 352 355 356
481 3 0 358 359 360
482 3 0 278 277 279
483 3 0 320 319 321
484 3 0 384 383 385
485 3 0 341 342 343
486 3 0 426 425 427
487 3 0 386 385 387
488 3 0 402 398 403
489 3 0 405 403 406
490 3 0 280 279 281
491 3 0 276 274 277
492 3 0 409 408 410
493 3 0 362 363 364
494 3 0 322 321 323
495 3 0 282 281 283
496 3 0 343 344 345
497 3 0 300 301 302
498 3 0 388 387 389
499 3 0 372 370 373
500 3 0 302 304 305
501 3 0 364 365 366
502 3 0 325 323 326
503 3 0 411 410 412
504 3 0 284 283 285
505 3 0 420 422 423
506 3 0 327 326 328
507 3 0 375 376 377
508 3 0 309 310 311
509 3 0 286 285 287
510 3 0 311 312 313
511 3 0 317 319 320
512 3 0 422 421 424
513 3 0 293 291 294
514 3 0 336 335 337
515 3 0 313 314 316
516 3 0 353 369 370
517 3 0 379 380 381
518 3 0 356 355 357
519 3 0 362 360 363
520 3 0 358 357 359
521 3 0 406 408 409
522 3 0 381 382 383
523 3 0 276 277 278
524 3 0 340 339 341
525 3 0 402 403 405
526 3 0 320 321 322
527 3 0 299 298 300
528 3 0 278 279 280
529 3 0 372 373 487
530 3 0 67 66 189
531 3 0 15 14 190
532 3 0 69 68 191
533 3 0 13 12 192
534 3 0 65 64 193
535 3 0 17 16 194
536 3 0 71 70 195
537 3 0 11 10 196
538 3 0 280 281 282
539 3 0 9 8 200
540 3 0 73 72 199
541 3 0 19 18 198
542 3 0 63 62 197
543 3 0 322 323 325
544 3 0 75 74 201
545 3 0 7 6 202
546 3 0 12 11 483
547 3 0 70 69 475
548 3 0 68 67 391
549 3 0 4 3 204
550 3 0 78 77 203
551 3 0 18 17 468
552 3 0 364 363 365
553 3 0 0 79 207
554 3 0 61 60 205
555 3 0 21 20 206
556 3 0 64 63 393
557 3 0 72 71 414
558 3 0 424 425 426
559 3 0 62 61 466
560 3 0 409 410 411
561 3 0 59 58 208
562 3 0 23 22 209
563 3 0 341 343 504
564 3 0 375 366 376
565 3 0 76 75 416
566 3 0 60 59 465
567 3 0 2 0 474
568 3 0 282 283 284
569 3 0 57 56 219
570 3 0 25 24 220
571 3 0 58 57 419
572 3 0 325 326 327
573 3 0 56 55 484
574 3 0 379 377 380
575 3 0 308 305 309
576 3 0 289 291 293
577 3 0 55 54 230
578 3 0 27 26 231
579 3 0 352 351 354
580 3 0 330 335 336
581 3 0 397 399 400
582 3 0 284 285 286
583 3 0 53 52 252
584 3 0 29 28 253
585 3 0 411 412 493
586 3 0 190 14 348
587 3 0 397 398 399
588 3 0 352 354 355
589 3 0 194 16 392
590 3 0 337 339 340
591 3 0 196 10 394
592 3 0 317 320 509
593 3 0 200 8 415
594 3 0 52 51 495
595 3 0 202 6 490
596 3 0 207 79 418
597 3 0 366 365 502
598 3 0 296 298 299
599 3 0 30 29 460
600 3 0 209 22 417
601 3 0 204 3 271
602 3 0 275 306 307
603 3 0 363 360 508
604 3 0 51 50 256
605 3 0 31 30 257
606 3 0 32 31 437
607 3 0 399 398 402
608 3 0 204 272 273
609 3 0 34 33 265
610 3 0 48 47 264
611 3 0 33 32 463
612 3 0 231 26 431
613 3 0 302 305 308
614 3 0 377 376 507
615 3 0 49 48 445
616 3 0 381 380 382
617 3 0 387 385 390
618 3 0 371 370 372
619 3 0 316 317 509
620 3 0 360 359 508
621 3 0 253 28 477
622 3 0 313 316 332
623 3 0 340 341 346
624 3 0 299 300 303
625 3 0 272 271 274
626 3 0 35 34 447
627 3 0 275 274 276
628 3 0 46 45 268
629 3 0 36 35 269
630 3 0 359 357 368
631 3 0 353 370 371
632 3 0 44 43 260
633 3 0 38 37 261
634 3 0 320 322 324
635 3 0 372 487 488
636 3 0 376 366 502
637 3 0 365 363 367
638 3 0 308 309 333
639 3 0 435 434 436
640 3 0 37 36 451
641 3 0 40 39 263
642 3 0 42 41 262
643 3 0 376 502 503
644 3 0 39 38 455
645 3 0 400 399 401
646 3 0 256 50 441
647 3 0 280 282 485
648 3 0 432 431 434
649 3 0 346 341 504
650 3 0 231 432 433
651 3 0 320 324 509
652 3 0 256 442 443
653 3 0 196 394 404
654 3 0 422 424 430
655 3 0 380 377 507
656 3 0 307 306 491
657 3 0 275 276 306
658 3 0 272 274 275
659 3 0 204 271 272
660 3 0 367 363 508
661 3 0 389 387 506
662 3 0 264 47 449
663 3 0 294 296 505
664 3 0 268 45 453
665 3 0 432 434 435
666 3 0 231 431 432
667 3 0 260 43 456
668 3 0 442 441 444
669 3 0 262 41 457
670 3 0 376 503 507
671 3 0 296 299 505
672 3 0 443 442 459
673 3 0 256 441 442
674 3 0 387 390 506
675 3 0 227 346 630
676 3 0 262 457 458
677 3 0 336 467 521
678 3 0 351 353 511
679 3 0 354 351 511
680 3 0 24 23 510
681 3 0 354 511 512
682 3 0 395 397 513
683 3 0 456 262 593
684 3 0 353 371 511
685 3 0 397 400 513
686 3 0 74 73 514
687 3 0 193 393 587
688 3 0 458 528 593
689 3 0 504 343 515
690 3 0 287 289 518
691 3 0 280 485 519
692 3 0 455 577 598
693 3 0 225 467 649
694 3 0 541 198 652
695 3 0 515 345 516
696 3 0 549 324 550
697 3 0 330 336 521
698 3 0 204 273 522
699 3 0 506 241 557
700 3 0 76 416 595
701 3 0 203 77 595
702 3 0 356 500 525
703 3 0 405 406 523
704 3 0 349 352 525
705 3 0 367 553 554
706 3 0 343 345 515
707 3 0 467 347 586
708 3 0 263 598 616
709 3 0 289 293 518
710 3 0 501 654 664
711 3 0 345 344 643
712 3 0 566 214 568
713 3 0 278 280 519
714 3 0 457 263 616
715 3 0 108 561 562
716 3 0 626 318 647
717 3 0 247 538 631
718 3 0 422 430 539
719 3 0 295 291 564
720 3 0 418 486 613
721 3 0 371 565 604
722 3 0 401 584 591
723 3 0 371 372 565
724 3 0 328 330 521
725 3 0 230 54 623
726 3 0 53 252 623
727 3 0 4 204 522
728 3 0 392 361 641
729 3 0 347 227 586
730 3 0 354 512 566
731 3 0 277 474 661
732 3 0 357 355 568
733 3 0 406 409 523
734 3 0 234 485 599
735 3 0 352 356 525
736 3 0 512 546 566
737 3 0 364 374 571
738 3 0 295 564 633
739 3 0 486 203 667
740 3 0 293 294 569
741 3 0 346 581 630
742 3 0 469 481 602
743 3 0 429 469 602
744 3 0 209 417 622
745 3 0 66 65 526
746 3 0 489 206 638
747 3 0 266 132 527
748 3 0 133 270 527
749 3 0 342 339 578
750 3 0 136 267 528
751 3 0 131 266 530
752 3 0 267 137 529
753 3 0 309 311 576
754 3 0 127 128 531
755 3 0 132 133 527
756 3 0 255 127 531
757 3 0 135 136 528
758 3 0 128 259 531
759 3 0 130 131 530
760 3 0 137 138 529
761 3 0 473 639 643
762 3 0 451 269 575
763 3 0 186 229 532
764 3 0 247 476 606
765 3 0 185 186 532
766 3 0 493 235 570
767 3 0 455 261 577
768 3 0 258 140 542
769 3 0 223 180 536
770 3 0 181 238 536
771 3 0 583 503 589
772 3 0 141 254 542
773 3 0 249 480 640
774 3 0 180 181 536
775 3 0 145 246 537
776 3 0 247 123 538
777 3 0 250 144 537
778 3 0 124 251 538
779 3 0 221 177 540
780 3 0 144 145 537
781 3 0 123 124 538
782 3 0 334 329 587
783 3 0 177 178 540
784 3 0 423 422 539
785 3 0 20 19 541
786 3 0 275 307 585
787 3 0 80 210 563
788 3 0 149 236 544
789 3 0 237 119 545
790 3 0 234 1 563
791 3 0 244 148 544
792 3 0 120 245 545
793 3 0 140 141 542
794 3 0 476 247 631
795 3 0 273 272 585
796 3 0 490 413 634
797 3 0 97 214 546
798 3 0 148 149 544
799 3 0 119 120 545
800 3 0 170 213 549
801 3 0 151 248 547
802 3 0 249 117 548
803 3 0 236 150 547
804 3 0 118 237 548
805 3 0 96 97 546
806 3 0 169 170 549
807 3 0 150 151 547
808 3 0 117 118 548
809 3 0 153 242 551
810 3 0 248 152 551
811 3 0 218 101 553
812 3 0 167 217 552
813 3 0 103 226 554
814 3 0 225 165 555
815 3 0 241 113 556
816 3 0 101 102 553
817 3 0 166 167 552
818 3 0 152 153 551
819 3 0 114 243 556
820 3 0 112 241 560
821 3 0 240 156 558
822 3 0 102 103 554
823 3 0 165 166 555
824 3 0 109 233 561
825 3 0 158 232 559
826 3 0 113 114 556
827 3 0 111 112 560
828 3 0 156 157 558
829 3 0 108 109 561
830 3 0 157 158 559
831 3 0 526 331 601
832 3 0 654 195 664
833 3 0 183 211 567
834 3 0 238 182 567
835 3 0 435 436 668
836 3 0 530 452 592
837 3 0 1 80 563
838 3 0 291 290 564
839 3 0 565 216 604
840 3 0 321 319 601
841 3 0 298 297 600
842 3 0 372 488 565
843 3 0 235 83 570
844 3 0 84 212 570
845 3 0 551 242 636
846 3 0 391 626 647
847 3 0 564 201 633
848 3 0 474 207 661
849 3 0 647 498 656
850 3 0 191 647 656
851 3 0 355 354 566
852 3 0 179 223 572
853 3 0 454 529 596
854 3 0 560 390 574
855 3 0 239 523 533
856 3 0 491 210 655
857 3 0 486 281 613
858 3 0 335 334 609
859 3 0 211 518 567
860 3 0 287 518 665
861 3 0 182 183 567
862 3 0 233 110 574
863 3 0 202 490 634
864 3 0 207 418 613
865 3 0 303 540 572
866 3 0 327 328 614
867 3 0 497 486 667
868 3 0 385 383 621
869 3 0 512 511 604
870 3 0 368 357 568
871 3 0 324 322 620
872 3 0 216 95 579
873 3 0 502 365 615
874 3 0 480 243 640
875 3 0 378 541 652
876 3 0 214 98 580
877 3 0 426 427 573
878 3 0 413 408 634
879 3 0 89 90 584
880 3 0 232 159 581
881 3 0 410 413 669
882 3 0 505 299 628
883 3 0 373 370 637
884 3 0 427 429 573
885 3 0 374 375 652
886 3 0 241 556 557
887 3 0 518 211 665
888 3 0 259 129 592
889 3 0 430 424 636
890 3 0 105 106 583
891 3 0 459 442 642
892 3 0 203 595 667
893 3 0 199 414 644
894 3 0 475 315 664
895 3 0 227 162 586
896 3 0 236 547 602
897 3 0 294 505 569
898 3 0 508 359 650
899 3 0 139 258 596
900 3 0 282 284 660
901 3 0 263 455 598
902 3 0 90 91 591
903 3 0 546 214 566
904 3 0 211 184 597
905 3 0 229 187 599
906 3 0 188 234 599
907 3 0 242 154 590
908 3 0 155 240 590
909 3 0 83 84 570
910 3 0 104 105 589
911 3 0 481 236 602
912 3 0 539 240 632
913 3 0 553 102 554
914 3 0 166 552 555
915 3 0 315 475 656
916 3 0 304 301 644
917 3 0 362 364 571
918 3 0 206 541 638
919 3 0 558 157 559
920 3 0 240 558 632
921 3 0 178 179 572
922 3 0 222 487 594
923 3 0 266 527 598
924 3 0 235 491 655
925 3 0 601 319 626
926 3 0 532 286 597
927 3 0 293 569 658
928 3 0 571 194 641
929 3 0 528 267 593
930 3 0 246 146 603
931 3 0 147 244 603
932 3 0 521 225 614
933 3 0 501 304 654
934 3 0 110 111 574
935 3 0 122 247 606
936 3 0 550 324 620
937 3 0 245 121 606
938 3 0 546 512 579
939 3 0 171 172 605
940 3 0 383 382 662
941 3 0 540 178 572
942 3 0 473 423 639
943 3 0 523 409 619
944 3 0 333 309 576
945 3 0 100 218 608
946 3 0 438 476 631
947 3 0 270 134 627
948 3 0 380 507 612
949 3 0 339 338 578
950 3 0 467 586 649
951 3 0 172 173 617
952 3 0 207 613 661
953 3 0 319 318 626
954 3 0 533 523 619
955 3 0 215 174 629
956 3 0 436 610 668
957 3 0 111 560 574
958 3 0 417 489 622
959 3 0 311 313 625
960 3 0 94 216 635
961 3 0 95 96 579
962 3 0 210 81 655
963 3 0 82 235 655
964 3 0 217 620 645
965 3 0 489 384 622
966 3 0 344 342 624
967 3 0 161 227 630
968 3 0 96 546 579
969 3 0 304 644 654
970 3 0 98 99 580
971 3 0 116 249 640
972 3 0 243 115 640
973 3 0 176 221 657
974 3 0 159 160 581
975 3 0 130 530 592
976 3 0 217 550 620
977 3 0 164 225 649
978 3 0 536 238 569
979 3 0 529 138 596
980 3 0 237 482 648
981 3 0 516 345 639
982 3 0 268 453 582
983 3 0 185 532 597
984 3 0 106 228 583
985 3 0 224 89 584
986 3 0 399 402 611
987 3 0 342 578 624
988 3 0 568 214 580
989 3 0 205 465 624
990 3 0 528 458 627
991 3 0 272 275 585
992 3 0 530 266 577
993 3 0 329 499 587
994 3 0 162 163 586
995 3 0 391 189 626
996 3 0 201 514 633
997 3 0 267 529 588
998 3 0 260 456 588
999 3 0 273 585 669
1000 3 0 229 599 660
1001 3 0 226 104 589
1002 3 0 195 475 664
1003 3 0 154 155 590
1004 3 0 91 222 591
1005 3 0 135 528 627
1006 3 0 569 238 658
1007 3 0 129 130 592
1008 3 0 475 191 656
1009 3 0 191 391 647
1010 3 0 414 195 654
1011 3 0 400 401 594
1012 3 0 362 571 641
1013 3 0 77 76 595
1014 3 0 401 399 611
1015 3 0 138 139 596
1016 3 0 184 185 597
1017 3 0 187 188 599
1018 3 0 368 568 580
1019 3 0 216 565 635
1020 3 0 548 237 648
1021 3 0 301 298 600
1022 3 0 331 321 601
1023 3 0 194 392 641
1024 3 0 332 316 646
1025 3 0 621 383 662
1026 3 0 233 574 621
1027 3 0 382 380 612
1028 3 0 146 147 603
1029 3 0 368 580 608
1030 3 0 333 629 657
1031 3 0 576 215 629
1032 3 0 480 435 668
1033 3 0 213 171 605
1034 3 0 511 371 604
1035 3 0 243 480 668
1036 3 0 121 122 606
1037 3 0 565 488 635
1038 3 0 491 235 666
1039 3 0 580 99 608
1040 3 0 99 100 608
1041 3 0 313 332 625
1042 3 0 327 552 645
1043 3 0 338 335 609
1044 3 0 333 576 629
1045 3 0 250 537 607
1046 3 0 281 279 613
1047 3 0 538 251 618
1048 3 0 599 485 660
1049 3 0 316 509 646
1050 3 0 365 367 615
1051 3 0 574 390 621
1052 3 0 315 501 664
1053 3 0 602 547 659
1054 3 0 541 378 638
1055 3 0 173 215 617
1056 3 0 189 601 626
1057 3 0 578 205 624
1058 3 0 409 411 619
1059 3 0 581 160 630
1060 3 0 322 325 620
1061 3 0 390 385 621
1062 3 0 225 555 614
1063 3 0 384 386 622
1064 3 0 608 218 650
1065 3 0 54 53 623
1066 3 0 212 533 619
1067 3 0 585 412 669
1068 3 0 307 491 666
1069 3 0 134 135 627
1070 3 0 367 554 615
1071 3 0 562 382 612
1072 3 0 318 498 647
1073 3 0 208 473 643
1074 3 0 478 479 653
1075 3 0 299 303 628
1076 3 0 586 163 649
1077 3 0 613 279 661
1078 3 0 547 248 659
1079 3 0 328 521 614
1080 3 0 235 493 666
1081 3 0 620 325 645
1082 3 0 373 513 651
1083 3 0 440 438 631
1084 3 0 174 175 629
1085 3 0 160 161 630
1086 3 0 514 297 633
1087 3 0 557 556 610
1088 3 0 212 619 663
1089 3 0 297 295 633
1090 3 0 408 407 634
1091 3 0 401 591 594
1092 3 0 93 94 635
1093 3 0 591 222 594
1094 3 0 572 223 628
1095 3 0 556 243 610
1096 3 0 424 426 636
1097 3 0 436 557 610
1098 3 0 378 379 638
1099 3 0 370 369 637
1100 3 0 498 315 656
1101 3 0 361 362 641
1102 3 0 513 400 651
1103 3 0 115 116 640
1104 3 0 249 548 653
1105 3 0 584 401 611
1106 3 0 442 444 642
1107 3 0 325 327 645
1108 3 0 228 562 612
1109 3 0 594 487 651
1110 3 0 400 594 651
1111 3 0 163 164 649
1112 3 0 595 292 667
1113 3 0 375 378 652
1114 3 0 554 226 615
1115 3 0 359 368 650
1116 3 0 487 373 651
1117 3 0 248 573 659
1118 3 0 619 411 663
1119 3 0 81 82 655
1120 3 0 600 199 644
1121 3 0 175 176 657
1122 3 0 279 277 661
1123 3 0 411 493 663
1124 3 0 485 282 660
1125 3 0 518 293 658
1126 3 0 292 497 667
1127 3 0 412 410 669
1128 3 0 286 287 665
1129 3 0 303 572 628
1130 3 0 211 597 665
1131 3 0 644 414 654
1132 3 0 629 175 657
1133 3 0 605 332 646
1134 3 0 224 584 611
1135 3 0 552 217 645
1136 3 0 567 518 658
1137 3 0 238 567 658
1138 3 0 368 608 650
1139 3 0 570 212 663
1140 3 0 332 617 625
1141 3 0 561 233 662
1142 3 0 233 621 662
1143 3 0 493 570 663
1144 3 0 573 429 659
1145 3 0 617 215 625
1146 3 0 597 286 665
1147 3 0 429 602 659
1148 3 0 301 600 644
1149 3 0 213 605 646
1150 3 0 610 243 668
