0 -1.000000e+06 -1.224647e-10
2 -9.968388e+05 -7.945017e+04
3 -9.873753e+05 -1.583980e+05
4 -9.716693e+05 -2.363444e+05
5 -9.498201e+05 -3.127966e+05
6 -9.219659e+05 -3.872712e+05
7 -8.882826e+05 -4.592973e+05
8 -8.489834e+05 -5.284196e+05
9 -8.043166e+05 -5.942010e+05
10 -7.545646e+05 -6.562258e+05
11 -7.000421e+05 -7.141016e+05
12 -6.410936e+05 -7.674627e+05
13 -5.780920e+05 -8.159716e+05
14 -5.114355e+05 -8.593217e+05
15 -4.415455e+05 -8.972389e+05
16 -3.688639e+05 -9.294834e+05
17 -2.938503e+05 -9.558515e+05
18 -2.169788e+05 -9.761763e+05
19 -1.387355e+05 -9.903295e+05
20 -5.961511e+04 -9.982214e+05
21 1.988218e+04 -9.998023e+05
22 9.925382e+04 -9.950621e+05
23 1.779979e+05 -9.840309e+05
24 2.556167e+05 -9.667782e+05
25 3.316193e+05 -9.434133e+05
26 4.055253e+05 -9.140838e+05
27 4.768675e+05 -8.789752e+05
28 5.451948e+05 -8.383094e+05
29 6.100751e+05 -7.923436e+05
30 6.710984e+05 -7.413682e+05
31 7.278788e+05 -6.857058e+05
32 7.800573e+05 -6.257081e+05
33 8.273040e+05 -5.617544e+05
34 8.693203e+05 -4.942492e+05
35 9.058404e+05 -4.236192e+05
36 9.366335e+05 -3.503108e+05
37 9.615049e+05 -2.747878e+05
38 9.802974e+05 -1.975274e+05
39 9.928921e+05 -1.190182e+05
40 9.992094e+05 -3.975649e+04
41 9.992094e+05 3.975650e+04
42 9.928921e+05 1.190182e+05
43 9.802974e+05 1.975274e+05
44 9.615049e+05 2.747878e+05
45 9.366335e+05 3.503108e+05
46 9.058404e+05 4.236192e+05
47 8.693203e+05 4.942492e+05
48 8.273040e+05 5.617545e+05
49 7.800573e+05 6.257081e+05
50 7.278788e+05 6.857058e+05
51 6.710984e+05 7.413683e+05
52 6.100751e+05 7.923436e+05
53 5.451948e+05 8.383094e+05
54 4.768675e+05 8.789752e+05
55 4.055253e+05 9.140838e+05
56 3.316193e+05 9.434133e+05
57 2.556166e+05 9.667782e+05
58 1.779979e+05 9.840309e+05
59 9.925381e+04 9.950621e+05
60 1.988217e+04 9.998023e+05
61 -5.961512e+04 9.982214e+05
62 -1.387356e+05 9.903295e+05
63 -2.169788e+05 9.761763e+05
64 -2.938503e+05 9.558515e+05
65 -3.688639e+05 9.294834e+05
66 -4.415455e+05 8.972389e+05
67 -5.114355e+05 8.593217e+05
68 -5.780920e+05 8.159716e+05
69 -6.410936e+05 7.674627e+05
70 -7.000421e+05 7.141016e+05
71 -7.545646e+05 6.562258e+05
72 -8.043166e+05 5.942010e+05
73 -8.489834e+05 5.284196e+05
74 -8.882826e+05 4.592973e+05
75 -9.219659e+05 3.872712e+05
76 -9.498201e+05 3.127966e+05
77 -9.716693e+05 2.363444e+05
78 -9.873753e+05 1.583980e+05
79 -9.968388e+05 7.945017e+04
