0 -99.5896 -0.0000 0 0
1 -144.4450 -0.0000 0 0
2 -99.2746 -7.9124 0 0
3 -98.3323 -15.7748 0 0
4 -96.7680 -23.5374 0 0
5 -94.5922 -31.1513 0 0
6 -91.8181 -38.5681 0 0
7 -88.4637 -45.7412 0 0
8 -84.5498 -52.6250 0 0
9 -80.1016 -59.1762 0 0
10 -75.1467 -65.3532 0 0
11 -69.7169 -71.1171 0 0
12 -63.8462 -76.4312 0 0
13 -57.5720 -81.2623 0 0
14 -50.9336 -85.5794 0 0
15 -43.9733 -89.3557 0 0
16 -36.7350 -92.5668 0 0
17 -29.2644 -95.1929 0 0
18 -21.6088 -97.2169 0 0
19 -13.8166 -98.6265 0 0
20 -5.9370 -99.4123 0 0
21 1.9801 -99.5699 0 0
22 9.8846 -99.0977 0 0
23 17.7267 -97.9992 0 0
24 25.4567 -96.2809 0 0
25 33.0258 -93.9541 0 0
26 40.3861 -91.0331 0 0
27 47.4910 -87.5368 0 0
28 54.2957 -83.4868 0 0
29 60.7571 -78.9091 0 0
30 66.8344 -73.8325 0 0
31 72.4891 -68.2891 0 0
32 77.6855 -62.3140 0 0
33 82.3908 -55.9449 0 0
34 86.5752 -49.2220 0 0
35 90.2122 -42.1880 0 0
36 93.2789 -34.8873 0 0
37 95.7558 -27.3660 0 0
38 97.6273 -19.6717 0 0
39 98.8817 -11.8530 0 0
40 99.5108 -3.9593 0 0
41 99.5108 3.9593 0 0
42 98.8817 11.8530 0 0
43 97.6273 19.6717 0 0
44 95.7558 27.3660 0 0
45 93.2789 34.8873 0 0
46 90.2122 42.1880 0 0
47 86.5752 49.2220 0 0
48 82.3908 55.9449 0 0
49 77.6855 62.3140 0 0
50 72.4891 68.2891 0 0
51 66.8344 73.8325 0 0
52 60.7571 78.9091 0 0
53 54.2957 83.4868 0 0
54 47.4910 87.5368 0 0
55 40.3861 91.0331 0 0
56 33.0258 93.9541 0 0
57 25.4567 96.2809 0 0
58 17.7267 97.9992 0 0
59 9.8846 99.0977 0 0
60 1.9801 99.5699 0 0
61 -5.9370 99.4123 0 0
62 -13.8166 98.6265 0 0
63 -21.6088 97.2169 0 0
64 -29.2644 95.1929 0 0
65 -36.7350 92.5668 0 0
66 -43.9733 89.3557 0 0
67 -50.9336 85.5794 0 0
68 -57.5720 81.2623 0 0
69 -63.8462 76.4312 0 0
70 -69.7169 71.1171 0 0
71 -75.1467 65.3532 0 0
72 -80.1016 59.1762 0 0
73 -84.5498 52.6250 0 0
74 -88.4637 45.7412 0 0
75 -91.8181 38.5681 0 0
76 -94.5922 31.1513 0 0
77 -96.7680 23.5374 0 0
78 -98.3323 15.7748 0 0
79 -99.2746 7.9124 0 0
80 -144.2391 -7.9805 0 0
81 -143.6218 -15.9398 0 0
82 -142.5938 -23.8565 0 0
83 -141.1565 -31.7092 0 0
84 -139.3120 -39.4763 0 0
85 -137.0630 -47.1361 0 0
86 -134.4128 -54.6664 0 0
87 -131.3661 -62.0453 0 0
88 -127.9279 -69.2501 0 0
89 -124.1048 -76.2582 0 0
90 -119.9047 -83.0470 0 0
91 -115.3361 -89.5934 0 0
92 -110.4094 -95.8749 0 0
93 -105.1370 -101.8690 0 0
94 -99.5315 -107.5528 0 0
95 -93.6084 -112.9048 0 0
96 -87.3846 -117.9039 0 0
97 -80.8778 -122.5287 0 0
98 -74.1087 -126.7602 0 0
99 -67.0991 -130.5800 0 0
100 -59.8717 -133.9697 0 0
101 -52.4519 -136.9146 0 0
102 -44.8660 -139.4005 0 0
103 -37.1413 -141.4138 0 0
104 -29.3069 -142.9456 0 0
105 -21.3924 -143.9871 0 0
106 -13.4282 -144.5314 0 0
107 -5.4456 -144.5762 -1 -1
108 2.5241 -144.1195 0 0
109 10.4491 -143.1618 0 0
110 18.2984 -141.7080 0 0
111 26.0406 -139.7634 0 0
112 33.6454 -137.3361 0 0
113 41.0836 -134.4383 0 0
114 48.3264 -131.0818 0 0
115 55.3470 -127.2824 0 0
116 62.1203 -123.0578 0 0
117 68.6220 -118.4260 0 0
118 74.8308 -113.4084 0 0
119 80.7271 -108.0269 0 0
120 86.2928 -102.3042 0 0
121 91.5132 -96.2648 0 0
122 96.3750 -89.9332 0 0
123 100.8673 -83.3341 0 0
124 104.9818 -76.4931 0 0
125 108.7114 -69.4349 0 0
126 112.0516 -62.1842 0 0
127 114.9995 -54.7653 0 0
128 117.5532 -47.2016 0 0
129 119.7121 -39.5159 0 0
130 121.4769 -31.7302 0 0
131 122.8478 -23.8656 0 0
132 123.8262 -15.9425 0 0
133 124.4129 -7.9809 0 0
134 124.6081 0.0000 0 0
135 124.4129 7.9809 0 0
136 123.8262 15.9425 0 0
137 122.8478 23.8656 0 0
138 121.4769 31.7302 0 0
139 119.7121 39.5159 0 0
140 117.5532 47.2016 0 0
141 114.9995 54.7653 0 0
142 112.0516 62.1842 0 0
143 108.7114 69.4349 0 0
144 104.9818 76.4931 0 0
145 100.8673 83.3341 0 0
146 96.3750 89.9332 0 0
147 91.5132 96.2648 0 0
148 86.2928 102.3042 0 0
149 80.7271 108.0269 0 0
150 74.8308 113.4084 0 0
151 68.6220 118.4260 0 0
152 62.1203 123.0578 0 0
153 55.3470 127.2824 0 0
154 48.3264 131.0818 0 0
155 41.0836 134.4383 0 0
156 33.6454 137.3361 0 0
157 26.0406 139.7634 0 0
158 18.2984 141.7080 0 0
159 10.4491 143.1618 0 0
160 2.5241 144.1195 0 0
161 -5.4456 144.5762 -1 0
162 -13.4282 144.5314 0 0
163 -21.3924 143.9871 0 0
164 -29.3069 142.9456 0 0
165 -37.1413 141.4138 0 0
166 -44.8660 139.4005 0 0
167 -52.4519 136.9146 0 0
168 -59.8717 133.9697 0 0
169 -67.0991 130.5800 0 0
170 -74.1087 126.7602 0 0
171 -80.8778 122.5287 0 0
172 -87.3846 117.9039 0 0
173 -93.6084 112.9048 0 0
174 -99.5315 107.5528 0 0
175 -105.1370 101.8690 0 0
176 -110.4094 95.8749 0 0
177 -115.3361 89.5934 0 0
178 -119.9047 83.0470 0 0
179 -124.1048 76.2581 0 0
180 -127.9279 69.2501 0 0
181 -131.3661 62.0453 0 0
182 -134.4128 54.6664 0 0
183 -137.0630 47.1361 0 0
184 -139.3120 39.4763 0 0
185 -141.1565 31.7092 0 0
186 -142.5938 23.8565 0 0
187 -143.6218 15.9398 0 0
188 -144.2391 7.9805 0 0
189 -50.5542 92.7939 0 0
190 -50.7238 -93.4953 0 0
191 -64.6595 83.9785 0 0
192 -64.8929 -84.2804 0 0
193 -36.0914 101.2818 0 0
194 -34.7272 -100.0995 0 0
195 -77.0079 72.5448 0 0
196 -78.1464 -74.5145 0 0
197 -19.3844 104.6358 0 0
198 -19.3521 -104.3886 0 0
199 -87.1513 60.2413 0 0
200 -87.8232 -60.0903 0 0
201 -95.8000 44.8148 0 0
202 -97.4919 -45.7711 0 0
203 -103.7082 20.5974 0 0
204 -104.2631 -20.9757 0 0
205 -1.8475 105.8384 0 0
206 -1.8567 -105.8684 0 0
207 -105.8689 4.5730 0 0
208 15.1955 104.9816 0 0
209 15.1069 -106.6211 0 0
210 -136.4008 -12.1212 0 0
211 -132.2518 41.6875 0 0
212 -132.1138 -41.3997 0 0
213 -73.8287 118.7823 0 0
214 -73.9321 -119.2058 0 0
215 -93.1061 105.6298 0 0
216 -93.1137 -105.3147 0 0
217 -53.6329 129.1148 0 0
218 -53.7827 -129.2487 0 0
219 31.0649 101.6417 0 0
220 31.2564 -101.6726 0 0
221 -106.2007 89.2048 0 0
222 -107.1250 -88.3732 0 0
223 -119.9472 69.4432 0 0
224 -119.9472 -69.4432 0 0
225 -31.1119 135.3073 0 0
226 -32.0022 -135.4396 0 0
227 -8.8883 137.0672 0 0
228 -9.4053 -137.5576 0 0
229 -136.4212 19.4515 0 0
230 47.1619 95.6842 0 0
231 47.1292 -95.3464 0 0
232 12.5990 135.8288 0 0
233 13.1148 -135.6372 0 0
234 -137.8063 4.6361 0 0
235 -135.1292 -26.4377 0 0
236 73.1786 105.5851 0 0
237 73.1185 -105.6113 0 0
238 -127.1153 55.9562 0 0
239 -126.4992 -55.7174 0 0
240 34.8528 128.9415 0 0
241 34.8549 -129.4455 0 0
242 48.0463 123.9194 0 0
243 49.2137 -122.7711 0 0
244 84.5046 94.3618 0 0
245 84.6341 -94.2504 0 0
246 92.7535 84.0116 0 0
247 92.9470 -83.8253 0 0
248 62.2486 114.8486 0 0
249 60.4311 -115.2168 0 0
250 100.7340 69.7340 0 0
251 100.7340 -69.7340 0 0
252 60.6581 87.8249 0 0
253 61.5420 -86.7483 0 0
254 106.9129 55.6004 0 0
255 106.8868 -55.5758 0 0
256 74.3615 75.9850 0 0
257 74.5269 -75.7760 0 0
258 112.3668 40.8174 0 0
259 112.3461 -40.7590 0 0
260 103.1015 25.3722 0 0
261 103.0303 -25.0675 0 0
262 106.0323 8.4510 0 0
263 105.5450 -8.3302 0 0
264 90.2630 56.2610 0 0
265 90.1417 -56.3096 0 0
266 116.8140 -18.9027 0 0
267 116.8096 19.0080 0 0
268 97.7956 41.3894 0 0
269 97.7625 -41.0721 0 0
270 118.3990 -2.4709 0 0
271 -105.5498 -13.0147 0 0
272 -111.6861 -18.2833 0 0
273 -109.6115 -25.8972 0 0
274 -113.3568 -10.7103 0 0
275 -119.2439 -15.7659 0 0
276 -121.2388 -8.1439 0 0
277 -114.9215 -2.9208 0 0
278 -122.8479 -0.3751 0 0
279 -116.6873 4.8341 0 0
280 -124.0907 7.4109 0 0
281 -118.3666 12.6049 0 0
282 -125.3647 14.8672 0 0
283 -119.6347 20.3974 0 0
284 -128.3136 22.3096 0 0
285 -121.3816 28.1376 0 0
286 -128.5174 30.6555 0 0
287 -122.4207 35.6757 0 0
288 -115.1926 33.4374 0 0
289 -116.6966 41.2448 0 0
290 -108.9654 38.9045 0 0
291 -110.8127 46.5701 0 0
292 -107.7328 31.4173 0 0
293 -117.8990 48.9087 0 0
294 -112.1886 54.3523 0 0
295 -105.1233 52.0633 0 0
296 -106.4016 59.6173 0 0
297 -99.3044 57.1703 0 0
298 -100.6515 65.0494 0 0
299 -107.6879 67.5057 0 0
300 -102.0829 72.8232 0 0
301 -95.0151 70.2790 0 0
302 -96.2261 78.0776 0 0
303 -109.4384 75.1397 0 0
304 -89.3614 75.2969 0 0
305 -90.2187 83.1701 0 0
306 -127.3832 -13.5507 0 0
307 -124.9056 -22.2112 0 0
308 -97.5702 85.7022 0 0
309 -91.6662 90.8256 0 0
310 -84.1010 88.3784 0 0
311 -85.6111 96.1958 0 0
312 -78.0852 93.6382 0 0
313 -79.3665 101.4397 0 0
314 -72.0544 98.8855 0 0
315 -76.4046 85.3349 0 0
316 -73.5074 106.3917 0 0
317 -66.0878 104.0786 0 0
318 -64.6738 96.8918 0 0
319 -58.4903 102.1477 0 0
320 -60.1178 109.4560 0 0
321 -52.5184 107.1342 0 0
322 -53.9492 114.4587 0 0
323 -46.5939 112.0686 0 0
324 -60.6339 117.4382 0 0
325 -48.0539 119.7132 0 0
326 -40.6189 117.2692 0 0
327 -41.9318 125.6183 0 0
328 -34.4506 122.3705 0 0
329 -33.1926 114.8304 0 0
330 -27.1231 119.9183 0 0
331 -44.9738 104.3228 0 0
332 -80.1139 108.4155 0 0
333 -98.6958 93.4941 0 0
334 -25.1879 111.2104 0 0
335 -19.6081 117.4020 0 0
336 -21.2846 125.3452 0 0
337 -13.6699 122.8423 0 0
338 -12.1007 115.0330 0 0
339 -6.2021 120.2429 0 0
340 -7.6369 127.8697 0 0
341 -0.1273 125.3307 0 0
342 1.1872 117.8761 0 0
343 7.3636 122.7746 0 0
344 7.6729 114.9223 0 0
345 13.9687 119.9745 0 0
346 -1.2733 133.0261 0 0
347 -15.2977 130.7633 0 0
348 -58.1065 -89.0607 0 0
349 -65.4273 -92.4799 0 0
350 -72.0156 -87.9333 0 0
351 -72.6346 -95.8722 0 0
352 -66.1277 -100.4422 0 0
353 -79.1794 -91.3711 0 0
354 -73.2409 -103.7283 0 0
355 -66.6062 -108.2550 0 0
356 -59.5763 -104.9706 0 0
357 -60.1028 -112.8599 0 0
358 -53.0140 -109.4722 0 0
359 -53.8346 -117.0420 0 0
360 -46.5205 -113.9403 0 0
361 -45.8398 -106.0739 0 0
362 -39.5881 -110.9920 0 0
363 -40.0169 -118.5829 0 0
364 -32.9016 -115.3088 0 0
365 -33.5751 -122.8472 0 0
366 -26.2870 -119.6560 0 0
367 -40.3633 -126.4914 0 0
368 -60.8571 -120.2571 0 0
369 -78.4452 -83.4082 0 0
370 -85.5646 -87.1980 0 0
371 -86.2244 -94.5886 0 0
372 -92.8981 -90.2608 0 0
373 -91.3318 -81.9420 0 0
374 -24.9606 -110.9656 0 0
375 -19.0561 -116.2659 0 0
376 -19.7131 -124.1886 0 0
377 -12.5213 -120.7896 0 0
378 -11.7885 -113.5986 0 0
379 -5.4447 -117.6611 0 0
380 -5.9082 -125.1391 0 0
381 1.2789 -121.7830 0 0
382 1.3413 -130.2447 0 0
383 8.2862 -125.8733 0 0
384 8.3921 -118.5030 0 0
385 15.1174 -122.7874 0 0
386 15.5790 -115.0988 0 0
387 22.1498 -119.5802 0 0
388 22.8899 -111.7524 0 0
389 30.1409 -116.8997 0 0
390 21.6296 -127.2065 0 0
391 -57.5793 88.4938 0 0
392 -43.4651 -98.2272 0 0
393 -27.1895 102.8348 0 0
394 -82.8572 -67.1723 0 0
395 -90.8144 -67.6661 0 0
396 -95.8523 -60.9821 0 0
397 -98.9216 -68.3891 0 0
398 -103.7063 -61.9695 0 0
399 -106.6081 -69.3543 0 0
400 -102.1225 -75.1583 0 0
401 -109.4270 -75.9964 0 0
402 -112.9765 -63.6516 0 0
403 -108.7469 -55.7354 0 0
404 -86.9253 -74.4698 0 0
405 -116.8533 -56.4903 0 0
406 -113.4748 -49.3087 0 0
407 -105.5415 -48.3530 0 0
408 -110.6435 -42.2300 0 0
409 -118.0380 -42.8607 0 0
410 -115.5684 -35.9950 0 0
411 -122.7836 -36.5077 0 0
412 -120.4900 -29.6620 0 0
413 -107.7021 -34.7014 0 0
414 -81.9652 66.1653 0 0
415 -92.4511 -53.1999 0 0
416 -100.5425 36.8115 0 0
417 6.2088 -106.0816 0 0
418 -105.2328 12.7629 0 0
419 23.0847 103.6067 0 0
420 28.6767 109.3787 0 0
421 36.6537 107.3295 0 0
422 34.3540 115.0486 0 0
423 26.3794 117.8455 0 0
424 42.0463 112.9017 0 0
425 44.5149 105.0032 0 0
426 49.8669 111.4291 0 0
427 52.3482 103.3199 0 0
428 55.9592 95.8328 0 0
429 59.9087 102.4689 0 0
430 39.8838 120.9088 0 0
431 39.5956 -98.7019 0 0
432 46.7351 -103.3169 0 0
433 53.8577 -99.7033 0 0
434 39.1465 -106.5945 0 0
435 46.5916 -110.8925 0 0
436 39.1450 -114.6510 0 0
437 80.0949 -69.8466 0 0
438 82.1689 -77.3914 0 0
439 77.0210 -83.5079 0 0
440 87.3775 -70.3709 0 0
441 79.9935 70.0708 0 0
442 81.8135 77.7873 0 0
443 76.4299 83.6478 0 0
444 87.7709 72.5390 0 0
445 86.5396 64.4200 0 0
446 93.6137 63.5654 0 0
447 94.2375 -48.9655 0 0
448 102.0441 -48.4773 0 0
449 94.4951 49.4813 0 0
450 102.1060 48.7140 0 0
451 100.6158 -33.1305 0 0
452 108.8166 -31.6335 0 0
453 100.6495 33.3414 0 0
454 108.8447 31.8683 0 0
455 104.3280 -16.7290 0 0
456 104.4165 16.9051 0 0
457 105.8122 0.1481 0 0
458 112.8870 4.5665 0 0
459 84.2873 85.6662 0 0
460 68.2856 -81.4050 0 0
461 69.3158 -89.3231 0 0
462 62.7388 -95.8454 0 0
463 85.2173 -63.0585 0 0
464 93.6136 -63.5654 0 0
465 7.0136 106.7080 0 0
466 -10.8222 106.7982 0 0
467 -23.0349 132.7173 0 0
468 -27.0763 -102.6139 0 0
469 63.9421 95.9631 0 0
470 69.1334 89.5743 0 0
471 98.3966 -55.9181 0 0
472 98.4744 56.0396 0 0
473 21.3105 110.7938 0 0
474 -107.2186 -4.0253 0 0
475 -71.3837 78.8584 0 0
476 84.8000 -85.1605 0 0
477 54.8922 -91.3940 0 0
478 59.9593 -103.1198 0 0
479 54.4423 -108.1955 0 0
480 52.8162 -115.9523 0 0
481 71.4551 97.6554 0 0
482 71.3910 -97.6249 0 0
483 -71.1772 -79.6141 0 0
484 39.2356 98.8678 0 0
485 -131.1265 9.4011 0 0
486 -111.5271 18.1727 0 0
487 -99.0888 -86.0359 0 0
488 -101.0429 -94.5055 0 0
489 1.7830 -113.3338 0 0
490 -99.7280 -36.8368 0 0
491 -132.0250 -19.7652 0 0
492 -130.1228 -5.7712 0 0
493 -127.9616 -30.1275 0 0
494 -104.1631 81.1590 0 0
495 68.1922 81.6339 0 0
496 -100.4382 -54.3579 0 0
497 -113.9081 26.1458 0 0
498 -70.5427 91.0898 0 0
499 -39.0977 109.4877 0 0
500 -52.3752 -101.5409 0 0
501 -83.4198 80.5505 0 0
502 -27.4035 -128.7182 0 0
503 -20.3822 -131.4040 0 0
504 5.9859 130.5050 0 0
505 -114.6974 63.0183 0 0
506 28.8132 -124.5831 0 0
507 -12.9297 -129.8730 0 0
508 -48.0733 -122.9356 0 0
509 -68.0486 113.1237 0 0
510 24.0942 -103.9197 0 0
511 -79.6514 -99.0538 0 0
512 -79.9725 -106.8859 0 0
513 -94.1927 -74.6380 0 0
514 -92.5357 53.5375 0 0
515 13.5688 128.1594 0 0
516 20.8940 125.3807 0 0
517 76.9281 -91.4263 0 0
518 -124.5177 43.3132 0 0
519 -130.4130 1.9923 0 0
520 76.8766 91.5410 0 0
521 -28.6937 127.4606 0 0
522 -102.2600 -28.7639 0 0
523 -121.3562 -49.2895 0 0
524 -122.0734 -62.0314 0 0
525 -58.7228 -96.9982 0 0
526 -42.9963 96.9171 0 0
527 117.5782 -10.4797 0 0
528 118.0579 10.7969 0 0
529 115.8323 27.2517 0 0
530 115.8146 -27.1063 0 0
531 109.8159 -47.6791 0 0
532 -135.2874 27.0443 0 0
533 -129.3690 -48.5359 0 0
534 103.4558 -62.6152 0 0
535 103.4559 62.6152 0 0
536 -123.7786 62.8454 0 0
537 95.6303 76.4359 0 0
538 97.0606 -76.9340 0 0
539 32.5162 121.7876 0 0
540 -111.9681 82.4258 0 0
541 -10.8645 -106.2302 0 0
542 109.8322 47.8220 0 0
543 31.7582 -109.2127 0 0
544 78.8391 99.9124 0 0
545 78.8486 -99.8740 0 0
546 -80.4275 -114.7557 0 0
547 68.0863 110.4699 0 0
548 67.5563 -110.8054 0 0
549 -67.2850 121.8954 0 0
550 -60.3647 125.3988 0 0
551 54.5425 118.1115 0 0
552 -46.6506 132.0287 0 0
553 -46.4860 -131.5268 0 0
554 -39.2717 -133.9600 0 0
555 -39.3787 134.1702 0 0
556 41.9975 -126.9145 0 0
557 36.2190 -121.9513 0 0
558 27.1909 132.0180 0 0
559 19.7653 133.8097 0 0
560 27.8136 -132.3565 0 0
561 5.7143 -137.2499 0 0
562 -1.8910 -137.6119 0 0
563 -137.7154 -3.5999 0 0
564 -103.4524 44.6945 0 0
565 -93.0568 -97.9288 0 0
566 -73.4998 -111.5211 0 0
567 -129.9105 48.8501 0 0
568 -67.1237 -115.9203 0 0
569 -119.9636 55.9037 0 0
570 -134.2091 -34.1619 0 0
571 -33.1892 -107.4063 0 0
572 -116.4991 76.1076 0 0
573 56.9380 109.6633 0 0
574 20.3638 -134.3641 0 0
575 105.0659 -39.2958 0 0
576 -92.5787 98.3992 0 0
577 109.9578 -22.1230 0 0
578 -4.9847 112.8885 0 0
579 -86.7774 -109.8901 0 0
580 -67.3899 -123.3609 0 0
581 5.0467 137.6903 0 0
582 105.0545 39.8331 0 0
583 -16.9368 -137.6315 0 0
584 -116.9962 -75.9193 0 0
585 -116.9186 -23.4034 0 0
586 -17.7991 138.0000 0 0
587 -32.1518 107.9290 0 0
588 109.9432 22.6668 0 0
589 -24.8410 -136.9827 0 0
590 42.4386 127.8580 0 0
591 -112.2696 -82.8856 0 0
592 115.6333 -34.1490 0 0
593 111.2307 13.6420 0 0
594 -104.6464 -81.4116 0 0
595 -101.3928 28.6196 0 0
596 115.6466 34.2367 0 0
597 -134.3244 34.4502 0 0
598 110.9000 -13.4243 0 0
599 -137.4347 12.1979 0 0
600 -93.9533 62.2485 0 0
601 -50.7387 100.1675 0 0
602 66.6551 103.1598 0 0
603 89.8867 90.0475 0 0
604 -86.4660 -102.2770 0 0
605 -79.9012 115.8614 0 0
606 90.0539 -89.8869 0 0
607 94.0595 70.2446 0 0
608 -60.7241 -126.7719 0 0
609 -17.5474 111.1273 0 0
610 42.7528 -120.6230 0 0
611 -113.1910 -70.8730 0 0
612 -5.9594 -131.9824 0 0
613 -111.5402 9.1260 0 0
614 -35.1133 128.9854 0 0
615 -34.7067 -129.4886 0 0
616 111.2766 -4.4688 0 0
617 -87.2957 110.3442 0 0
618 93.9471 -70.6799 0 0
619 -125.2301 -42.6277 0 0
620 -54.2684 121.7562 0 0
621 14.8845 -129.5948 0 0
622 9.5270 -112.0075 0 0
623 53.4876 89.8706 0 0
624 1.8083 111.6466 0 0
625 -86.1237 103.5706 0 0
626 -57.4200 95.2190 0 0
627 119.6730 4.1747 0 0
628 -113.6312 70.3321 0 0
629 -98.8792 100.8653 0 0
630 -1.7420 139.4399 0 0
631 89.4033 -77.6103 0 0
632 28.0078 125.4800 0 0
633 -98.6848 50.8404 0 0
634 -104.1546 -42.0976 0 0
635 -98.7116 -101.3665 0 0
636 46.9982 117.2464 0 0
637 -84.0827 -80.3065 0 0
638 -5.9069 -111.2324 0 0
639 19.6580 117.2087 0 0
640 56.1589 -121.0659 0 0
641 -39.7462 -104.4847 0 0
642 88.3922 79.1185 0 0
643 14.0975 112.1466 0 0
644 -88.6329 67.6197 0 0
645 -48.2694 125.9876 0 0
646 -74.6519 112.7209 0 0
647 -64.1841 90.1263 0 0
648 66.4026 -103.4977 0 0
649 -24.7531 138.9335 0 0
650 -55.3442 -123.2150 0 0
651 -98.2764 -79.8372 0 0
652 -17.3937 -110.4848 0 0
653 61.2423 -108.6569 0 0
654 -83.1150 72.9782 0 0
655 -138.4486 -19.4371 0 0
656 -70.4138 85.0108 0 0
657 -104.4969 95.9900 0 0
658 -124.1027 50.3413 0 0
659 62.7132 107.8020 0 0
660 -131.3935 15.7785 0 0
661 -111.5584 1.8082 0 0
662 8.5777 -131.9408 0 0
663 -128.8264 -36.2640 0 0
664 -77.4118 78.5019 0 0
665 -128.4366 36.8489 0 0
666 -130.0054 -24.6354 0 0
667 -107.8134 25.1484 0 0
668 46.9063 -116.8662 0 0
669 -114.3797 -30.0987 0 0
